40.0 20.0
39.986295347545735 20.523359562429437
39.94521895368273 21.045284632676534
39.876883405951375 21.564344650402308
39.78147600733806 22.079116908177593
39.65925826289068 22.588190451025206
39.510565162951536 23.090169943749473
39.33580426497202 23.583679495453
39.13545457642601 24.067366430758
38.91006524188368 24.539904997395467
38.66025403784439 25.0
38.38670567945424 25.44639035015027
38.09016994374947 25.877852522924734
37.77145961456971 26.293203910498374
37.43144825477394 26.69130606358858
37.071067811865476 27.071067811865476
36.691306063588584 27.43144825477394
36.29320391049838 27.771459614569707
35.877852522924734 28.090169943749473
35.446390350150274 28.386705679454238
-2.499999999999999 24.330127018922195
-2.7231951750751335 24.193352839727122
-2.9389262614623632 24.04508497187474
-3.1466019552491846 23.885729807284857
-3.3456530317942876 23.715724127386974
-3.535533905932734 23.53553390593274
-3.7157241273869674 23.345653031794296
-3.8857298072848505 23.146601955249192
-4.045084971874733 22.93892626146237
-4.193352839727115 22.72319517507514
-4.330127018922189 22.500000000000007
-4.455032620941835 22.26995249869774
-4.567727288213001 22.03368321537901
-4.667902132486005 21.791839747726513
-4.755282581475765 21.545084971874747
-4.829629131445338 21.294095225512617
-4.890738003669026 21.03955845408881
-4.938441702975687 20.782172325201167
-4.972609476841365 20.52264231633828
-4.993147673772869 20.261679781214735
-5.0 20.000000000000018
-4.99314767377287 19.738320218785297
-4.9726094768413684 19.47735768366175
-4.938441702975692 19.217827674798865
-4.890738003669032 18.960441545911223
-4.829629131445347 18.705904774487415
-4.755282581475774 18.45491502812528
-4.667902132486017 18.20816025227352
-4.567727288213013 17.966316784621018
-4.455032620941849 17.730047501302288
-4.330127018922205 17.50000000000002
-4.193352839727133 17.276804824924884
-4.0450849718747515 17.061073738537655
5.0 4.957028156763694
5.05235987755983 5.0304270367828705
5.1047197551196595 4.991467995135721
5.15707963267949 5.072156079408295
5.20943951023932 4.989059859372549
5.261799387799149 4.962453267700521
5.314159265358979 4.98271339404883
5.3665191429188095 5.129847654214899
5.418879020478639 4.944347972180985
5.471238898038469 5.001189625369169
5.523598775598299 4.9914786848732104
5.575958653158128 4.954310496511243
5.628318530717959 5.086239096229476
5.680678408277789 5.079118731625898
5.733038285837618 5.072315005055579
5.785398163397448 5.029337953777556
5.8377580409572785 5.045156252307937
5.890117918517108 5.069997826242611
5.942477796076938 4.920495538467317
5.994837673636768 4.982659280936436
6.047197551196597 4.952229756107338
6.099557428756428 5.025980028053982
6.151917306316257 4.951830261322606
6.204277183876087 4.998118032134642
6.256637061435917 5.001890476108829
6.308996938995747 4.99145453926125
6.361356816555577 4.983653042599363
6.413716694115407 4.985374648705295
6.466076571675236 4.991748190477625
6.518436449235066 5.008789124497075
6.570796326794897 4.927305941361078
6.623156204354727 5.061131765802462
6.675516081914556 5.035444801859352
6.727875959474386 4.963825361144069
6.7802358370342155 4.950933533323516
6.832595714594046 5.098225701964387
6.884955592153876 4.912752467589529
6.937315469713706 4.9705165016528365
6.989675347273535 5.066722655555154
7.0420352248333655 5.021791395343509
7.094395102393195 4.965770890399862
7.146754979953025 4.932895949195602
7.199114857512855 5.086257196772157
7.251474735072685 4.994805274017465
7.303834612632515 5.016050264894539
7.356194490192345 4.939293745825576
7.408554367752174 4.942472803845786
7.460914245312004 5.097772897963593
7.5132741228718345 4.90752128591039
7.565634000431665 5.057956566205813
7.617993877991494 5.024991637483293
7.670353755551324 5.000547875775758
7.722713633111153 4.990944361817759
7.775073510670984 5.01076984336331
7.827433388230814 5.0130155749689465
7.879793265790644 5.000572304997637
7.932153143350473 5.065776877222898
7.9845130209103035 5.194564477725057
8.036872898470133 4.962858631892374
8.089232776029963 5.055480254303786
8.141592653589793 4.935812539763928
8.193952531149623 5.060295493320862
8.246312408709453 5.0332850397931885
8.298672286269284 5.0155561937069795
8.351032163829112 5.081538524132059
8.403392041388942 4.981347936684319
8.455751918948772 5.078334223768051
8.508111796508603 4.994225595796452
8.560471674068431 5.029575265043299
8.612831551628261 4.932990703193189
8.665191429188091 5.010509727342086
8.717551306747922 4.980406168199032
8.769911184307752 4.960695449965211
8.822271061867582 4.946051193140572
8.874630939427412 4.959491259918447
8.926990816987242 5.101715460263185
8.97935069454707 5.055895648931046
9.0317105721069 5.136242407766014
9.084070449666731 5.037667938182611
9.13643032722656 5.0735786686441635
9.18879020478639 5.000652826848803
9.24115008234622 4.954599464267766
9.29350995990605 4.981903598211291
9.34586983746588 4.9713462136850755
9.39822971502571 4.991862298742218
9.45058959258554 5.025342547376182
9.50294947014537 4.983382896296195
9.555309347705201 4.914857643216497
9.60766922526503 4.976651024632017
9.66002910282486 5.04466429476261
9.71238898038469 5.029424498011247
9.764748857944518 5.0134293255936475
9.817108735504348 4.899198062471133
9.869468613064178 5.068703512630284
9.921828490624009 5.048620616774514
9.974188368183839 5.027897189624917
10.026548245743669 5.074381940745166
10.0789081233035 5.006831832457671
10.13126800086333 4.950710648416855
10.18362787842316 4.982985443694995
10.235987755982988 4.9559194886832705
10.288347633542818 5.031098263371826
10.340707511102648 4.9875557901210685
10.393067388662477 5.019078669681264
10.445427266222307 5.06406802900887
10.497787143782137 4.999520438371879
10.550147021341967 5.035681907369727
10.602506898901797 4.968806902508131
10.654866776461628 4.969700061222839
10.707226654021458 5.007249220328102
10.759586531581288 5.061736463336743
10.811946409141118 5.107145456195587
10.864306286700947 4.97933102762782
10.916666164260777 4.905226458857056
10.969026041820607 4.904484041823666
11.021385919380435 5.0244646312810675
11.073745796940266 5.034084907583732
11.126105674500096 4.868870959942038
11.178465552059926 5.030311780486552
11.230825429619756 5.033823891341411
11.283185307179586 4.988967854344144
11.335545184739416 5.054854956949483
11.387905062299247 5.029539835053115
11.440264939859077 5.000231284806493
11.492624817418905 5.012206854272019
11.544984694978735 4.94997580607588
11.597344572538566 5.004239231934334
11.649704450098394 5.012110474682363
11.702064327658224 4.973248068601696
11.754424205218054 5.067975002033921
11.806784082777884 5.033008715280539
11.859143960337715 5.03497042545772
11.911503837897545 4.898841918424507
11.963863715457375 5.009433161797155
12.016223593017205 5.025167154807802
12.068583470577035 5.025296541523765
12.120943348136864 4.94775072250295
12.173303225696694 4.924989118122615
12.225663103256524 4.961182461308872
12.278022980816353 4.992079176255624
12.330382858376183 5.016929176240521
12.382742735936013 4.969807739432864
12.435102613495843 5.013805829518305
12.487462491055673 5.056204307511098
12.539822368615503 4.948723001805395
12.592182246175334 5.026318244228722
12.644542123735164 5.002214428318431
12.696902001294994 5.004268249057164
12.749261878854822 5.054778996435171
12.801621756414653 4.981811053343206
12.853981633974483 5.047867157254158
12.906341511534311 4.984130467591445
12.958701389094141 5.031571815849546
13.011061266653972 4.965664282568834
13.063421144213802 4.93965437658867
13.115781021773632 5.084138363874246
13.168140899333462 4.872681594429207
13.220500776893292 4.965972281992148
13.27286065445312 4.977849658667996
13.32522053201295 5.006453943889814
13.377580409572781 5.060773891535135
13.429940287132611 5.026968083321123
13.482300164692441 5.020125618727076
13.534660042252272 5.003125186627367
13.5870199198121 4.996551257120841
13.63937979737193 5.108034629680967
13.69173967493176 4.994109468849675
13.74409955249159 5.041892279284687
13.79645943005142 4.996480375492298
13.848819307611251 5.012716488977294
13.90117918517108 4.998315490551883
13.95353906273091 4.8960368359285145
14.00589894029074 5.001677418596186
14.05825881785057 4.9822713853769
14.1106186954104 4.997494358658462
14.16297857297023 5.068431112504288
14.215338450530059 5.049992362206959
14.267698328089889 5.035699081112205
14.320058205649719 5.064302133169595
14.37241808320955 4.875396107148539
20.0 7.998931697986407
20.078539816339745 7.915108490822815
20.15707963267949 8.110266098844829
20.235619449019236 7.976213088264721
20.31415926535898 8.08864538387481
20.392699081698723 8.184836442970091
20.471238898038468 8.179983293033718
20.549778714378213 8.107897391522778
20.62831853071796 8.102213832705841
20.706858347057704 8.35796104363302
20.78539816339745 8.253718613584745
20.863937979737194 8.209176617948057
20.942477796076936 8.344888334177003
21.02101761241668 8.322993817698071
21.099557428756427 8.407183000121957
21.178097245096172 8.349679786366352
21.256637061435917 8.357452457469119
21.335176877775663 8.427485396884265
21.413716694115408 8.363836177995926
21.492256510455153 8.357061152709345
21.5707963267949 8.485304844330953
21.64933614313464 8.51942980084046
21.727875959474385 8.429764264227687
21.80641577581413 8.620451898636048
21.884955592153876 8.619761696488272
21.96349540849362 8.729422495581918
22.042035224833366 8.661551074639998
22.12057504117311 8.57877832481771
22.199114857512853 8.72265618665143
22.2776546738526 8.839480126851289
22.356194490192344 8.81034296477845
22.43473430653209 8.858985724744134
22.513274122871834 8.739636764849232
22.59181393921158 8.814751341242852
22.670353755551325 8.872665479763002
22.74889357189107 8.953114227620382
22.827433388230816 8.874991580447476
22.905973204570557 9.006960776873077
22.984513020910303 8.885239136990847
23.063052837250048 9.028112997713244
23.141592653589793 9.190452481682012
23.22013246992954 9.05729745652268
23.298672286269284 9.052103010957705
23.37721210260903 9.034051642979387
23.45575191894877 9.152922155230911
23.534291735288516 9.079794635294494
23.61283155162826 9.108727005054199
23.691371367968006 9.264733208851645
23.76991118430775 9.288700356810883
23.848451000647497 9.36491040704632
23.926990816987242 9.35286149751969
24.005530633326984 9.2879342890598
24.084070449666733 9.269513102596258
24.162610266006475 9.425867819557165
24.24115008234622 9.336282182323398
24.319689898685965 9.469087878468166
24.39822971502571 9.53547317090208
24.476769531365456 9.446305293087834
24.5553093477052 9.591635054086819
24.633849164044946 9.627919773070712
24.712388980384688 9.559609205181166
24.790928796724433 9.63117364503267
24.86946861306418 9.548428070212118
24.948008429403924 9.564914846512751
25.02654824574367 9.719488066454332
25.105088062083414 9.854048709476473
25.18362787842316 9.807486026619191
25.2621676947629 9.80883129234584
25.34070751110265 9.665503276196981
25.419247327442392 9.767193450493341
25.497787143782137 9.722802583387168
25.576326960121882 9.881090829146396
25.654866776461628 9.82868830049587
25.733406592801373 9.974194204295106
25.811946409141115 9.998584883510636
25.890486225480863 9.854710986681276
25.969026041820605 9.898815790089717
26.04756585816035 9.984467070383051
26.126105674500096 10.21368043069521
26.20464549083984 10.180078707145935
26.283185307179586 10.14085792729212
26.36172512351933 10.139835713004539
26.440264939859077 10.234170957286151
26.51880475619882 10.269901749193883
26.597344572538567 10.298420939564178
26.67588438887831 10.369321183402949
26.754424205218054 10.263481237230687
26.8329640215578 10.40409416903162
26.911503837897545 10.263495965698603
26.99004365423729 10.268079753196758
27.068583470577035 10.311274352458975
27.14712328691678 10.414478831515911
27.225663103256522 10.422488212547972
27.30420291959627 10.413179424528261
27.382742735936013 10.434346425367131
27.461282552275758 10.43640108194537
27.539822368615503 10.409439921486593
27.618362184955245 10.566823700387134
27.696902001294994 10.562481119000315
27.775441817634736 10.544756668105679
27.85398163397448 10.511251409288665
27.932521450314226 10.574486859215703
28.01106126665397 10.530711516845274
28.089601082993717 10.63138341933282
28.168140899333462 10.866735095148051
28.246680715673207 10.789848761051939
28.32522053201295 10.681380655852607
28.403760348352698 10.742411343443145
28.48230016469244 10.866562022919648
28.560839981032185 10.804809505475156
28.63937979737193 10.82865507592977
28.717919613711675 11.048863661790074
28.79645943005142 10.769534287476453
28.874999246391166 10.848692512734662
28.95353906273091 11.032287240203697
29.032078879070653 10.830950095816355
29.110618695410402 11.025683040267904
29.189158511750144 10.975991501786643
29.26769832808989 10.999424836170487
29.346238144429634 11.039122709289515
29.42477796076938 11.04294242283895
29.503317777109125 11.072266128189119
29.581857593448866 11.169432999203615
29.660397409788615 11.218902683132525
29.738937226128357 11.180361690313118
29.817477042468102 11.184481294011
29.896016858807847 11.243144794630869
29.974556675147593 11.223374170528606
30.053096491487338 11.394127246802427
30.131636307827083 11.379594165053813
30.21017612416683 11.354322887107532
30.28871594050657 11.569382138218073
30.36725575684632 11.387450873774473
30.44579557318606 11.37725400580083
30.524335389525806 11.653284334173328
30.60287520586555 11.58629244697445
30.681415022205297 11.472066562129278
30.759954838545042 11.590681175364676
30.838494654884787 11.781666280000717
30.917034471224532 11.696346246506879
30.995574287564274 11.690288734743325
31.074114103904023 11.450701017939542
31.152653920243765 11.82561139189215
31.23119373658351 11.639427346195358
31.309733552923255 11.730832815460966
31.388273369262997 11.741484715439814
31.466813185602746 11.825708887279552
31.545353001942487 11.93984870206686
31.623892818282233 11.981010608224391
31.702432634621978 12.028065990004652
31.780972450961723 11.984214434432733
31.85951226730147 11.726880874681452
31.938052083641214 11.995582257192357
32.01659189998096 11.980156176826956
32.0951317163207 11.94018606038567
32.17367153266045 12.000888277043565
32.25221134900019 12.02067220940949
32.33075116533994 12.10710454371044
32.40929098167968 12.13529225908195
32.48783079801943 12.090345940874528
32.56637061435917 12.16785201557036
32.644910430698914 12.278268202998934
32.72345024703866 12.14375931706116
32.80199006337841 12.263662376303989
32.88052987971815 12.171773584319272
32.959069696057895 12.293717920539253
33.03760951239764 12.220220148285264
33.116149328737386 12.464249439902723
33.194689145077135 12.595899063430098
33.273228961416876 12.325617646084112
33.35176877775662 12.52551926266133
33.43030859409636 12.380756498538307
33.50884841043611 12.514719215820879
33.58738822677586 12.568203198260257
33.6659280431156 12.565298749574954
33.74446785945534 12.500156288473768
33.82300767579509 12.778509874670837
33.90154749213483 12.624152454047408
33.98008730847458 12.598184392308607
34.05862712481432 12.710791261116071
10.0 30.0
10.078539816339745 29.989528024488035
10.15707963267949 29.97905604897607
10.235619449019234 29.9685840734641
10.31415926535898 29.958112097952135
10.392699081698725 29.94764012244017
10.471238898038468 29.937168146928204
10.549778714378213 29.92669617141624
10.628318530717959 29.916224195904274
10.706858347057704 29.905752220392305
10.78539816339745 29.89528024488034
10.863937979737193 29.884808269368374
10.942477796076938 29.87433629385641
11.021017612416683 29.863864318344444
11.099557428756427 29.853392342832475
11.178097245096172 29.84292036732051
11.256637061435917 29.832448391808544
11.335176877775663 29.82197641629658
11.413716694115408 29.811504440784613
11.492256510455151 29.801032465272648
11.570796326794897 29.79056048976068
11.649336143134642 29.780088514248714
11.727875959474385 29.76961653873675
11.80641577581413 29.759144563224783
11.884955592153876 29.748672587712818
11.963495408493621 29.73820061220085
12.042035224833366 29.727728636688884
12.12057504117311 29.71725666117692
12.199114857512855 29.706784685664953
12.2776546738526 29.696312710152988
12.356194490192344 29.68584073464102
12.43473430653209 29.675368759129054
12.513274122871834 29.66489678361709
12.59181393921158 29.654424808105123
12.670353755551325 29.643952832593158
12.748893571891069 29.633480857081192
12.827433388230814 29.623008881569223
12.905973204570557 29.612536906057258
12.984513020910303 29.602064930545293
13.063052837250048 29.591592955033327
13.141592653589793 29.581120979521362
13.220132469929538 29.570649004009397
13.298672286269284 29.560177028497428
13.377212102609027 29.549705052985463
13.455751918948772 29.539233077473497
13.534291735288518 29.528761101961532
13.612831551628261 29.518289126449567
13.691371367968006 29.507817150937598
13.769911184307752 29.497345175425632
13.848451000647497 29.486873199913667
13.92699081698724 29.4764012244017
14.005530633326986 29.465929248889736
14.084070449666731 29.455457273377768
14.162610266006475 29.444985297865802
14.24115008234622 29.434513322353837
14.319689898685965 29.42404134684187
14.39822971502571 29.413569371329906
14.476769531365456 29.40309739581794
14.555309347705201 29.392625420305972
14.633849164044944 29.382153444794007
14.71238898038469 29.37168146928204
14.790928796724433 29.361209493770076
14.869468613064178 29.35073751825811
14.948008429403924 29.340265542746142
15.026548245743669 29.329793567234177
15.105088062083414 29.31932159172221
15.18362787842316 29.308849616210246
15.262167694762903 29.29837764069828
15.340707511102648 29.287905665186315
15.419247327442394 29.277433689674346
15.497787143782137 29.26696171416238
15.576326960121882 29.256489738650416
15.654866776461628 29.24601776313845
15.733406592801373 29.235545787626485
15.811946409141116 29.225073812114516
15.890486225480862 29.21460183660255
15.969026041820607 29.204129861090586
16.04756585816035 29.19365788557862
16.126105674500096 29.183185910066655
16.20464549083984 29.17271393455469
16.283185307179586 29.16224195904272
16.36172512351933 29.151769983530755
16.440264939859077 29.14129800801879
16.51880475619882 29.130826032506825
16.597344572538567 29.12035405699486
16.67588438887831 29.10988208148289
16.754424205218054 29.099410105970925
16.8329640215578 29.08893813045896
16.911503837897545 29.078466154946994
16.99004365423729 29.06799417943503
17.068583470577035 29.057522203923064
17.14712328691678 29.047050228411095
17.225663103256522 29.03657825289913
17.30420291959627 29.026106277387164
17.382742735936013 29.0156343018752
17.461282552275758 29.005162326363234
17.539822368615503 28.994690350851265
17.618362184955245 28.9842183753393
17.696902001294994 28.973746399827334
17.775441817634736 28.96327442431537
17.85398163397448 28.952802448803403
17.932521450314226 28.942330473291435
18.01106126665397 28.93185849777947
18.089601082993717 28.921386522267504
18.168140899333462 28.91091454675554
18.246680715673207 28.900442571243573
18.32522053201295 28.889970595731608
18.403760348352698 28.87949862021964
18.48230016469244 28.869026644707674
18.560839981032185 28.85855466919571
18.63937979737193 28.848082693683743
18.717919613711675 28.837610718171778
18.79645943005142 28.827138742659812
18.874999246391166 28.816666767147844
18.95353906273091 28.80619479163588
19.032078879070653 28.795722816123913
19.110618695410402 28.785250840611948
19.189158511750144 28.774778865099982
19.26769832808989 28.764306889588013
19.346238144429634 28.753834914076048
