7.4336293856408275 -49.26548245743669
7.764323349176594 -47.9563452998909
8.095017312712361 -46.67411350744992
8.425711276248128 -45.417681143801
8.756405239783895 -44.18523853146802
9.087099203319662 -42.97432161509561
9.417793166855429 -41.78187917445586
9.748487130391196 -40.60435605378225
10.079181093926962 -39.437790137151346
10.40987505746273 -38.27792042467675
10.740569020998496 -37.12030326147834
11.071262984534263 -35.960433549003746
11.40195694807003 -34.793867632372844
11.732650911605797 -33.61634451169924
12.063344875141564 -32.42390207105948
12.39403883867733 -31.21298515468707
12.724732802213097 -29.980542542354097
13.055426765748864 -28.724110178705175
13.386120729284631 -27.441878386264197
13.716814692820398 -26.13274122871841
14.047508656356165 -24.796326677978065
14.378202619891931 -23.433006762132912
14.708896583427698 -22.0438874174957
15.039590546963465 -20.63077832154254
15.370284510499232 -19.19614352962882
15.700978474034999 -17.74303426198244
16.031672437570766 -16.275005674369915
16.362366401106534 -14.79601988271468
16.6930603646423 -13.310337886903145
17.023754328178065 -11.822403341815415
17.354448291713833 -10.33672134600388
17.685142255249602 -8.857735554348642
18.015836218785367 -7.389706966736117
18.346530182321132 -5.9365976990897344
18.6772241458569 -4.501962907176013
19.00791810939267 -3.0888538112228483
19.338612072928434 -1.699734466585633
19.6693060364642 -0.33641455074047555
19.999999999999968 0.9999999999998721
20.330693963535737 2.3091371575456647
20.6613879270715 3.5913689499866472
20.992081890607267 4.847801313635571
21.322775854143035 6.080243925968547
21.653469817678804 7.291160842340964
21.98416378121457 8.483603282980718
22.314857744750334 9.66112640365433
22.645551708286103 10.82769232028523
22.97624567182187 11.987562032759831
23.306939635357637 13.145179195958233
23.6376335988934 14.305048908432829
23.96832756242917 15.471614825063732
24.29902152596494 16.649137945737348
24.629715489500704 17.841580386377093
24.96040945303647 19.052497302749497
25.291103416572238 20.28493991508247
25.621797380108006 21.541372278731398
25.95249134364377 22.82360407117237
26.283185307179536 24.132741228718146
26.613879270715305 25.469155779458493
26.944573234251074 26.832475695303653
27.27526719778684 28.221595039940855
27.605961161322604 29.634704135894005
27.936655124858373 31.06933892780773
28.26734908839414 32.52244819545412
28.598043051929906 33.99047678306663
28.92873701546567 35.46946257472186
29.25943097900144 36.9551445705334
29.59012494253721 38.44307911562114
29.920818906072974 39.928761111432664
30.25151286960874 41.4077469030879
30.582206833144507 42.875775490700434
30.912900796680276 44.328884758346824
31.24359476021604 45.76351955026054
31.574288723751806 47.1766286462137
31.904982687287575 48.56574799085092
32.23567665082334 49.92906790669609
92.0 15.000000000000002
92.10630021286968 16.62476136260206
92.42237591766472 18.20634460552736
92.93982738570944 19.702719069927376
93.64490331670311 21.074118524777482
94.51886628025726 22.2840979565827
95.53849066410537 23.30050209755081
96.67667989598492 24.09631995354519
97.9031865364872 24.650402622691402
99.18541610636933 24.94802532857004
100.48929328657475 24.98127873193367
101.78016747165053 24.749279121818233
103.02373361143127 24.25819190020897
104.18694386957291 23.521067736154553
105.23888587156229 22.557495743542567
106.1516042027149 21.393082899355495
106.90084332480785 20.05877353689466
107.46669216829895 18.59002699847596
107.83411327005938 17.02587530152078
107.99334239475667 15.407885860615824
107.94014801992822 13.779056831258368
107.67594378891597 12.182674431585669
107.20775094321934 10.661162608824386
106.54801173262874 9.254955620635336
105.71425876177521 8.001423492564353
104.72864906022939 6.933878907624676
103.61737525826146 6.080691919973042
102.40996951629783 5.46453601921071
101.13851870618625 5.101785581190667
99.83681170086872 5.002080718107937
98.53944143328506 5.168071092004979
97.28088558733903 5.595345499861903
96.09459035161372 6.272549101551464
95.0120815851301 7.1816851753197355
94.06212701596581 8.298593381624446
93.26997173735053 9.593591825444072
92.6566673179699 11.032265854217629
92.23851235540747 12.576382629067934
92.02661934004645 14.18490716452943
92.02661934004645 15.815092835470693
92.2385123554075 17.423617370932185
92.65666731796995 18.967734145782487
93.26997173735057 20.406408174556034
94.06212701596587 21.701406618375646
95.01208158513018 22.818314824680343
96.0945903516138 23.727450898448595
97.28088558733913 24.40465450013814
98.53944143328516 24.831928907995042
99.83681170086882 24.997919281892067
101.13851870618635 24.898214418809317
102.40996951629793 24.535463980789253
103.61737525826155 23.9193080800269
104.72864906022947 23.06612109237525
105.71425876177527 21.99857650743556
106.5480117326288 20.74504437936456
107.20775094321938 19.338837391175502
107.675943788916 17.817325568414212
107.94014801992823 16.22094316874151
107.99334239475667 14.592114139384051
107.83411327005935 12.974124698479098
107.4666921682989 11.409973001523923
106.90084332480781 9.941226463105235
106.15160420271485 8.60691710064441
105.23888587156222 7.442504256457352
104.18694386957283 6.4789322638453815
103.02373361143117 5.74180809979098
101.78016747165043 5.25072087818174
100.48929328657465 5.018721268066326
99.18541610636923 5.051974671429971
97.9031865364871 5.34959737730863
96.67667989598483 5.903680046454863
95.5384906641053 6.699497902449258
94.51886628025719 7.715902043417388
93.64490331670304 8.925881475222617
92.93982738570938 10.297280930072734
92.4223759176647 11.793655394472758
92.10630021286967 13.375238637398061
63.43362938564083 11.283185307179586
63.716019736525304 11.141990131737348
63.99841008740978 11.00079495629511
64.28080043829425 10.859599780852871
64.56319078917873 10.718404605410633
64.84558114006322 10.577209429968395
65.12797149094769 10.436014254526157
65.41036184183216 10.294819079083918
65.69275219271664 10.15362390364168
65.97514254360112 10.012428728199442
66.25753289448559 9.871233552757204
66.53992324537006 9.730038377314965
66.82231359625455 9.588843201872727
67.10470394713903 9.447648026430489
67.3870942980235 9.30645285098825
67.66948464890797 9.165257675546012
67.95187499979245 9.024062500103774
68.23426535067694 8.882867324661536
68.5166557015614 8.741672149219298
68.79904605244587 8.60047697377706
69.08143640333036 8.459281798334821
69.36382675421484 8.318086622892583
69.64621710509931 8.176891447450345
69.92860745598378 8.035696272008106
70.21099780686826 7.894501096565868
70.49338815775275 7.75330592112363
70.77577850863722 7.612110745681392
71.05816885952169 7.470915570239153
71.34055921040617 7.329720394796915
71.62294956129065 7.188525219354677
71.90533991217512 7.047330043912439
72.18773026305959 6.9061348684702
72.47012061394408 6.764939693027962
72.75251096482856 6.623744517585724
73.03490131571303 6.482549342143486
73.3172916665975 6.341354166701247
73.59968201748198 6.200158991259009
73.88207236836647 6.058963815816771
74.16446271925093 5.917768640374533
74.4468530701354 5.776573464932294
74.72924342101989 5.635378289490056
75.01163377190437 5.494183114047818
75.29402412278884 5.35298793860558
75.57641447367331 5.211792763163341
75.8588048245578 5.070597587721103
76.14119517544228 4.929402412278865
76.42358552632675 4.788207236836627
76.70597587721122 4.647012061394388
76.9883662280957 4.50581688595215
77.27075657898018 4.364621710509912
77.55314692986465 4.223426535067674
77.83553728074912 4.082231359625435
78.1179276316336 3.941036184183197
78.40031798251809 3.799841008740959
78.68270833340256 3.6586458332987206
78.96509868428703 3.5174506578564824
79.24748903517151 3.376255482414244
79.529879386056 3.235060306972006
79.81226973694046 3.0938651315297676
80.09466008782493 2.9526699560875294
80.37705043870942 2.811474780645291
80.6594407895939 2.670279605203053
80.94183114047837 2.5290844297608146
81.22422149136284 2.3878892543185763
81.50661184224732 2.246694078876338
81.78900219313181 2.1054989034341
82.07139254401628 1.9643037279918616
82.35378289490075 1.8231085525496233
82.63617324578523 1.681913377107385
82.91856359666971 1.5407182016651468
83.20095394755418 1.3995230262229086
83.48334429843865 1.2583278507806703
83.76573464932314 1.117132675338432
84.04812500020762 0.9759374998961938
84.33051535109209 0.8347423244539556
84.61290570197656 0.6935471490117173
84.89529605286104 0.5523519735694791
85.17768640374553 0.4111567981272408
85.46007675463 0.26996162268500257
85.74246710551446 0.12876644724276431
86.02485745639895 -0.012428728199473937
86.30724780728343 -0.1536239036417122
86.5896381581679 -0.29481907908395044
86.87202850905237 -0.4360142545261887
87.15441885993685 -0.577209429968427
87.43680921082134 -0.7184046054106652
87.7191995617058 -0.8595997808529035
88.00158991259028 -1.0007949562951417
88.28398026347476 -1.14199013173738
120.69911184307752 116.83185307179586
119.42117584839693 114.67936313714607
118.14323985371632 112.48270119571546
116.86530385903573 110.24488473632385
115.58736786435514 107.97079115299027
114.30943186967455 105.66693731979024
113.03149587499396 103.34118507232955
111.75355988031336 101.00238590607536
110.47562388563277 98.6599809487709
109.19768789095218 96.32357428546894
107.91975189627158 94.00249891899956
106.64181590159099 91.70539498151666
105.3638799069104 89.43981925910148
104.08594391222981 87.211903676264
102.80800791754922 85.02607817452734
101.53007192286861 82.88487050910427
100.25213592818803 80.78879201149886
98.97419993350744 78.73631448078915
97.69626393882683 76.72393924794815
96.41832794414624 74.74635529196422
95.14039194946565 72.7966792619839
93.86245595478506 70.86676655810399
92.58451996010447 68.94757941206967
91.30658396542387 67.0295953331269
90.02864797074328 65.10323746004545
88.75071197606269 63.159307370318885
87.47277598138209 61.18940078649989
86.1948399867015 59.18628739256297
84.9169039920209 57.14423759516989
83.63896799734032 55.05928146244399
82.36103200265973 52.92938813797634
81.08309600797912 50.75455762176693
79.80516001329853 48.53682077022469
78.52722401861794 46.280147515226304
77.24928802393734 43.99026745010998
75.97135202925675 41.67441089090124
74.69341603457616 39.34098211504738
73.41548003989557 36.999179545054844
72.13754404521498 34.658580042153844
70.85960805053438 32.32870609709845
69.58167205585379 30.018595478143457
68.3037360611732 27.736392785192084
67.0258000664926 25.488981369097765
65.747864071812 23.281672250872163
64.46992807713141 21.11796409954226
63.191992082450824 18.99938511603002
61.91405608777023 16.925423968831375
60.63612009308963 14.89355290273354
59.35818409840904 12.899341976213414
58.08024810372845 10.936659264760998
56.802312109047854 8.997947982295052
55.52437611436726 7.074567996661713
54.24644011968667 5.157186305030855
52.96850412500608 3.236198822349735
51.69056813032548 1.3021644208751155
50.412632135644884 -0.6537683948601511
49.134696140964294 -2.639461460461881
47.856760146283705 -4.661431650005589
46.57882415160311 -6.724556357510288
-55.58407346410207 -31.451332235383724
-56.359775353877325 -32.859605787502375
-57.13547724365259 -34.29161115323624
-57.911179133427844 -35.74648979984671
-58.6868810232031 -37.222833771502614
-59.462582912978355 -38.71871950880314
-60.23828480275361 -40.23175405325372
-61.013986692528874 -41.759132526849434
-61.78968858230413 -43.297705506089116
-62.565390472079386 -44.84405467207597
-63.34109236185465 -46.394574919566544
-64.1167942516299 -47.94556095268396
-64.89249614140516 -49.49329628724038
-65.66819803118042 -51.034142521806004
-66.44389992095567 -52.56462673320675
-67.21960181073094 -54.081524897184416
-67.99530370050618 -55.581939330429904
-68.77100559028145 -57.06336829380869
-69.54670748005671 -58.52376608488798
-70.32240936983197 -59.96159217632493
-71.09811125960722 -61.375848219797234
-71.87381314938249 -62.766102026630406
-72.64951503915773 -64.13249794909981
-73.425216928933 -65.47575341304554
-74.20091881870826 -66.7971416850878
-74.97662070848351 -68.09846128837933
-75.75232259825877 -69.38199280153788
-76.52802448803402 -70.65044407846125
-77.30372637780928 -71.90688520486142
-78.07942826758455 -73.15467475388158
-78.8551301573598 -74.39737911215812
-79.63083204713506 -75.63868681413992
-80.40653393691031 -76.88231994238058
-81.18223582668557 -78.13194472199487
-81.95793771646083 -79.3910834568278
-82.73363960623608 -80.6630299226559
-83.50934149601134 -81.95077024970143
-84.28504338578661 -83.25691119488562
-85.06074527556186 -84.58361752674246
-85.83644716533712 -85.932560027027
-86.61214905511238 -87.30487535803448
-87.38785094488763 -88.70113875962994
-88.1635528346629 -90.12135023181338
-88.93925472443814 -91.56493453471978
-89.7149566142134 -93.03075500605387
-90.49065850398867 -94.51714086406062
-91.26636039376392 -96.02192734020599
-92.04206228353918 -97.54250767756884
-92.81776417331443 -99.07589574592683
-93.59346606308969 -100.61879776950347
-94.36916795286496 -102.16769144445374
-95.1448698426402 -103.71891054566285
-95.92057173241547 -105.26873299057725
-96.69627362219073 -106.81347024474802
-97.47197551196598 -108.34955592153877
-98.24767740174124 -109.87363144780633
-99.0233792915165 -111.3826267378387
-99.79908118129175 -112.8738339377381
-100.57478307106702 -114.34497246888677
-101.35048496084227 -115.79424380813197
-102.12618685061753 -117.2203746888535
-102.90188874039279 -118.62264768521125
-103.67759063016804 -120.00091844492987
-104.4532925199433 -121.35561915668384
-105.22899440971855 -122.6877481687955
-106.00469629949382 -123.99884600860763
-106.78039818926908 -125.29095837855307
-107.55610007904434 -126.56658701776634
-108.33180196881959 -127.82862960955651
-109.10750385859484 -129.0803101781818
-109.8832057483701 -130.3251016468163
-110.65890763814537 -131.56664241688983
-111.43460952792063 -132.8086489725902
-112.21031141769588 -134.05482660979425
-112.98601330747114 -135.3087804337455
-113.76171519724639 -136.57392876334072
-114.53741708702165 -137.85342102208108
-115.31311897679691 -139.15006208797146
-116.08882086657216 -140.4662449195065
-116.86452275634743 -141.80389307608695
-117.64022464612268 -143.16441451354402
