27.41592653589793 -14.699111843077517
26.754538608826394 -13.914182261264699
26.093150681754857 -13.14657190782848
25.43176275468332 -12.395825550642599
24.770374827611782 -11.661193312176565
24.108986900540245 -10.941643771251904
23.447598973468708 -10.23588198388996
22.78621104639717 -9.542372108393582
22.124823119325633 -8.859364239360254
21.463435192254096 -8.184924981786697
20.80204726518256 -7.516971231078276
20.14065933811102 -6.853306568763642
19.479271411039484 -6.191659638013743
18.817883483967947 -5.529723828473383
18.15649555689641 -4.8651975770375415
17.495107629824872 -4.195824580442821
16.833719702753335 -3.519433217085222
16.172331775681798 -2.8339744892916983
15.51094384861026 -2.137557823123405
14.849555921538723 -1.428484100221418
14.188167994467186 -0.7052753445671165
13.526780067395649 0.033299454525757
12.865392140324111 0.7882028343630587
12.204004213252574 1.5601120415518999
11.542616286181037 2.3494071992418313
10.8812283591095 3.15616466566588
10.219840432037962 3.9801557000200916
9.558452504966425 4.820850458991131
8.897064577894888 5.677427254105204
8.23567665082335 6.548786908155128
7.574288723751813 7.433571959872092
6.912900796680276 8.330190381300735
6.251512869608739 9.236843393490837
5.5901249425372015 10.151556894513726
4.928737015465664 11.072215950697469
4.267349088394127 11.996601748454728
3.6059611613225897 12.922430361086128
2.9445732342510524 13.84739265323086
2.283185307179515 14.769194625759543
1.621797380107978 15.685597496208933
0.9604094530364407 16.59445681447871
0.2990215259649034 17.493759930366295
-0.3623664011066339 18.381661158312124
-1.0237543281781711 19.256514024961835
-1.6851422552497084 20.11690003612042
-2.3465301823212457 20.961653460486136
-3.007918109392783 21.789881697146154
-3.66930603646432 22.60098087097596
-4.3306939635358574 23.3946463834618
-4.992081890607395 24.17087823460368
-5.653469817678932 24.929981022915346
-6.314857744750469 25.67255862352132
-6.9762456718220065 26.39950363733442
-7.637633598893544 27.111981795656394
-8.299021525965081 27.81141159268225
-8.960409453036618 28.499439501766354
-9.621797380108156 29.17791120846826
-10.283185307179693 29.84883936299056
-10.94457323425123 30.514368415433566
-11.605961161322767 31.17673714826052
-12.267349088394305 31.83823956060081
-12.928737015465842 32.50118478781524
-13.59012494253738 33.167856756603186
-14.251512869608916 33.84047428055199
-14.912900796680454 34.52115229333358
-15.574288723751991 35.211864896876634
-16.235676650823528 35.91441087013136
-16.897064577895065 36.63038224105313
-17.558452504966603 37.36113647091075
-18.21984043203814 38.1077727369114
-18.881228359109677 38.87111272752888
-19.542616286181214 39.651686286076526
-20.20400421325275 40.449722153358294
-20.86539214032429 41.26514397114114
-21.526780067395826 42.097571616275545
-22.188167994467364 42.94632784215436
-22.8495559215389 43.81045011147175
-23.510943848610438 44.68870741354146
-24.172331775681975 45.57962177234486
-24.833719702753513 46.48149406952302
-25.49510762982505 47.39243373113712
-26.156495556896587 48.31039175951409
-26.817883483968124 49.233196533049934
-27.47927141103966 50.15859174848127
-28.1406593381112 51.08427584270306
-28.802047265182736 52.00794220536011
-29.463435192254273 52.92731947962338
-30.12482311932581 53.840211247021514
-30.786211046397348 54.74453440295987
-31.447598973468885 55.63835555243517
-32.10898690054042 56.51992479004492
-32.77037482761196 57.38770627409194
-33.4317627546835 58.240405060597595
-34.093150681755034 59.076989728383396
-34.75453860882657 59.89671039991887
20.0 -88.0
20.01116917377487 -89.04329586323323
20.04442719421386 -90.06328622087632
20.09903113209758 -91.0371861738229
20.173761225684004 -91.94324040644536
20.266948128170174 -92.76120916439643
20.376510198141265 -93.47282037727621
20.5 -94.06217782649107
20.634658975633602 -94.51611624050942
20.777479066043682 -94.82449538527277
20.925269906413572 -94.98042658026826
21.07473009358642 -94.98042658026826
21.22252093395631 -94.82449538527277
21.36534102436639 -94.51611624050943
21.499999999999996 -94.06217782649108
21.62348980185873 -93.47282037727622
21.733051871829822 -92.76120916439646
21.826238774315993 -91.94324040644538
21.900968867902417 -91.03718617382295
21.95557280578614 -90.06328622087636
21.98883082622513 -89.04329586323325
22.0 -88.00000000000004
21.98883082622513 -86.95670413676682
21.955572805786144 -85.93671377912372
21.90096886790242 -84.96281382617714
21.826238774316 -84.05675959355469
21.733051871829833 -83.23879083560361
21.62348980185874 -82.52717962272382
21.500000000000007 -81.93782217350896
21.3653410243664 -81.4838837594906
21.22252093395632 -81.17550461472725
21.07473009358643 -81.01957341973174
20.925269906413586 -81.01957341973173
20.777479066043696 -81.17550461472722
20.634658975633613 -81.48388375949054
20.50000000000001 -81.93782217350889
20.376510198141276 -82.52717962272375
20.26694812817018 -83.23879083560351
20.17376122568401 -84.05675959355457
20.099031132097586 -84.96281382617703
20.044427194213863 -85.9367137791236
20.011169173774874 -86.95670413676669
20.0 -87.99999999999991
20.01116917377487 -89.04329586323313
20.044427194213856 -90.06328622087624
20.099031132097576 -91.03718617382282
20.173761225683997 -91.94324040644527
20.266948128170164 -92.76120916439636
20.376510198141254 -93.47282037727615
20.499999999999986 -94.06217782649102
20.63465897563359 -94.51611624050939
20.77747906604367 -94.82449538527274
20.92526990641356 -94.98042658026826
21.074730093586407 -94.98042658026827
21.2225209339563 -94.8244953852728
21.36534102436638 -94.51611624050948
21.499999999999986 -94.06217782649112
21.62348980185872 -93.47282037727629
21.733051871829815 -92.76120916439652
21.826238774315986 -91.94324040644545
21.90096886790241 -91.03718617382302
21.955572805786137 -90.06328622087646
21.988830826225126 -89.04329586323335
22.0 -88.00000000000013
21.988830826225133 -86.95670413676692
21.955572805786147 -85.9367137791238
21.900968867902428 -84.96281382617721
21.826238774316007 -84.05675959355476
21.73305187182984 -83.23879083560367
21.62348980185875 -82.52717962272388
21.500000000000018 -81.937822173509
21.365341024366415 -81.48388375949062
21.222520933956336 -81.17550461472727
21.074730093586446 -81.01957341973176
20.925269906413597 -81.01957341973173
20.777479066043707 -81.1755046147272
20.634658975633627 -81.48388375949051
20.50000000000002 -81.93782217350885
20.376510198141286 -82.5271796227237
20.26694812817019 -83.23879083560345
20.173761225684018 -84.0567595935545
20.099031132097593 -84.96281382617694
20.044427194213867 -85.93671377912351
20.011169173774874 -86.95670413676662
-12.849555921538759 -53.867258771281655
-12.468756812012721 -54.37499091731637
-12.087957702486683 -54.88272306335109
-11.70715859296065 -55.390455209385806
-11.326359483434612 -55.89818735542052
-10.945560373908574 -56.40591950145523
-10.56476126438254 -56.91365164748995
-10.183962154856502 -57.42138379352467
-9.803163045330464 -57.92911593955938
-9.422363935804427 -58.43684808559409
-9.04156482627839 -58.94458023162881
-8.660765716752355 -59.45231237766353
-8.279966607226317 -59.960044523698244
-7.8991674977002795 -60.467776669732956
-7.518368388174244 -60.975508815767675
-7.137569278648208 -61.483240961802395
-6.75677016912217 -61.99097310783711
-6.375971059596132 -62.49870525387182
-5.995171950070096 -63.00643739990654
-5.6143728405440605 -63.51416954594126
-5.233573731018023 -64.02190169197597
-4.852774621491985 -64.52963383801068
-4.471975511965949 -65.03736598404541
-4.091176402439913 -65.54509813008012
-3.7103772929138756 -66.05283027611483
-3.329578183387838 -66.56056242214954
-2.948779073861802 -67.06829456818426
-2.567979964335766 -67.57602671421898
-2.1871808548097285 -68.0837588602537
-1.8063817452836917 -68.59149100628841
-1.4255826357576549 -69.09922315232313
-1.044783526231618 -69.60695529835785
-0.6639844167055813 -70.11468744439256
-0.2831853071795445 -70.62241959042727
0.0976138023464923 -71.13015173646198
0.4784129118725291 -71.63788388249671
0.8592120213985659 -72.14561602853142
1.2400111309246027 -72.65334817456613
1.6208102404506395 -73.16108032060086
2.0016093499766763 -73.66881246663557
2.382408459502713 -74.17654461267028
2.76320756902875 -74.684276758705
3.1440066785547867 -75.19200890473971
3.5248057880808235 -75.69974105077443
3.9056048976068602 -76.20747319680915
4.286404007132897 -76.71520534284386
4.667203116658934 -77.22293748887859
5.048002226184971 -77.7306696349133
5.428801335711007 -78.23840178094801
5.809600445237044 -78.74613392698272
6.190399554763081 -79.25386607301743
6.571198664289118 -79.76159821905216
6.951997773815155 -80.26933036508687
7.332796883341191 -80.77706251112158
7.713595992867228 -81.28479465715631
8.094395102393264 -81.79252680319102
8.475194211919302 -82.30025894922574
8.85599332144534 -82.80799109526045
9.236792430971375 -83.31572324129516
9.617591540497411 -83.82345538732989
9.998390650023449 -84.3311875333646
10.379189759549487 -84.83891967939931
10.759988869075523 -85.34665182543404
11.140787978601558 -85.85438397146875
11.521587088127596 -86.36211611750346
11.90238619765363 -86.86984826353817
12.28318530717967 -87.37758040957289
12.66398441670571 -87.88531255560761
13.044783526231743 -88.39304470164232
13.425582635757777 -88.90077684767704
13.806381745283817 -89.40850899371176
14.187180854809856 -89.91624113974648
14.56797996433589 -90.42397328578119
14.948779073861925 -90.9317054318159
15.329578183387964 -91.43943757785061
15.710377292914004 -91.94716972388534
16.091176402440038 -92.45490186992005
16.471975511966072 -92.96263401595476
16.85277462149211 -93.47036616198949
17.23357373101815 -93.9780983080242
17.614372840544185 -94.48583045405891
17.99517195007022 -94.99356260009363
18.37597105959626 -95.50129474612834
18.756770169122298 -96.00902689216306
19.137569278648332 -96.51675903819778
19.518368388174366 -97.02449118423249
19.899167497700404 -97.53222333026721
20.279966607226445 -98.03995547630193
20.66076571675248 -98.54768762233664
21.041564826278513 -99.05541976837135
21.422363935804555 -99.56315191440606
21.803163045330592 -100.07088406044079
22.183962154856626 -100.5786162064755
22.56476126438266 -101.08634835251021
22.945560373908698 -101.59408049854494
23.32635948343474 -102.10181264457965
23.707158592960774 -102.60954479061436
24.087957702486808 -103.11727693664908
24.46875681201285 -103.62500908268379
-49.26548245743669 130.2654824574367
-47.437646731711716 128.41165864865405
-45.60981100598674 126.5072094346781
-43.78197528026177 124.55611689090085
-41.954139554536795 122.56478743417223
-40.12630382881182 120.5417188418137
-38.29846810308685 118.49705856973259
-36.47063237736187 116.44207632656818
-34.6427966516369 114.3885783174434
-32.814960925911926 112.34829360268625
-30.987125200186952 110.33226446624167
-29.15928947446198 108.35027248008703
-27.331453748737005 106.41033009562216
-25.50361802301203 104.51826418716433
-23.675782297287057 102.67741319336092
-21.847946571562083 100.88845359794759
-20.02011084583711 99.14936476871733
-18.192275120112136 97.45553398223574
-16.364439394387162 95.79999617552039
-14.536603668662188 94.17379596331156
-12.708767942937214 92.56645310466394
-10.88093221721224 90.96650722569109
-9.053096491487267 89.36211348586222
-7.225260765762293 87.74165822740126
-5.397425040037319 86.09436260869262
-3.5695893143123456 84.41084284714353
-1.7417535885873718 82.6835979522269
0.08608213713760193 80.90739959821094
1.9139178628625757 79.07956387248598
3.7417535885875495 77.20009077505198
5.569589314312523 75.27166421851865
7.397425040037497 73.29951252861778
9.22526076576247 71.29113669587647
11.053096491487445 69.25592050288749
12.880932217212418 67.20464279126641
14.708767942937392 65.14891721878931
16.536603668662366 63.10058862598698
18.364439394387347 61.07111738674587
20.192275120112313 59.07098374201127
22.02011084583728 57.10914307704294
23.84794657156226 55.19256045482324
25.675782297287242 53.32584859878662
27.50361802301221 51.5110281411401
29.331453748737175 49.74742259814798
31.159289474462156 48.03169353116291
32.98712520018714 46.35801406586759
34.814960925912104 44.71837175086224
36.64279665163707 43.10298501416946
38.47063237736205 41.500811571844274
40.29846810308703 39.90012236355874
42.126303828812 38.289111184189906
43.954139554536965 36.656508325098486
45.781975280261946 34.99216633037715
47.60981100598693 33.28758742270444
49.437646731711894 31.536365185230444
62.867258771281655 13.831853071795862
63.48782028310186 12.268439141722162
64.10838179492207 10.681293398033247
64.72894330674228 9.071274373467723
65.34950481856248 7.439790023856766
65.97006633038268 5.78876390860119
66.59062784220289 4.120588986195557
67.2111893540231 2.4380701346447893
67.8317508658433 0.7443567774500579
68.4523123776635 -0.9571327664918456
69.07287388948372 -2.66279339193747
69.69343540130393 -4.368919803009945
70.31399691312413 -6.071795515521416
70.93455842494433 -7.767782128042086
71.55511993676454 -9.45340671739789
72.17568144858475 -11.125445259330604
72.79624296040495 -12.781000070531142
73.41680447222515 -14.417569411864989
74.03736598404537 -16.03310758089932
74.65792749586558 -17.626074050291315
75.27848900768578 -19.195470471718675
75.89905051950598 -20.740864656506904
76.51961203132619 -22.262400956931355
77.1401735431464 -23.760796798832136
77.7607350549666 -25.23732544882944
78.3812965667868 -26.693785430076026
79.00185807860701 -28.132457321189634
79.62241959042723 -29.556048976068052
80.24298110224743 -30.967630480423278
80.86354261406763 -32.37056040739849
81.48410412588784 -33.768405143630076
82.10466563770805 -35.164853223566936
82.72522714952825 -36.563626729762646
83.34578866134845 -37.96839188733199
83.96635017316866 -39.38267100011997
84.58691168498888 -40.809757843903114
85.20747319680908 -42.25263854890371
85.82803470862927 -43.713919872042936
86.44859622044949 -45.195766581854826
87.0691577322697 -46.69984946009441
87.6897192440899 -48.22730516905696
88.3102807559101 -49.77870894860747
88.93084226773031 -51.354060798745955
89.55140377955053 -52.95278547960741
90.17196529137073 -54.57374632889655
90.79252680319092 -56.21527256485835
91.41308831501114 -57.87519941895878
92.03364982683135 -59.550920134276666
92.65421133865155 -61.239448580589716
93.27477285047175 -62.93749098212141
93.89533436229196 -64.64152503502673
94.51589587411218 -66.3478845141909
95.13645738593237 -68.05284733706034
95.75701889775257 -69.75272496918616
96.37758040957279 -71.44395102393196
96.998141921393 -73.12316692815457
97.6187034332132 -74.787302596142
98.2392649450334 -76.43365017399645
98.85982645685361 -78.05992908310017
99.48038796867382 -79.66434080030042
100.10094948049402 -81.245612058977
100.72151099231422 -82.8030254332898
101.34207250413444 -84.33643657096347
101.96263401595465 -85.84627766067251
102.58319552777485 -87.33354705073921
103.20375703959505 -88.79978526850638
103.82431855141526 -90.24703801640689
104.44488006323547 -91.6778070335752
105.06544157505567 -93.09499000332043
105.68600308687587 -94.50181094990077
106.30656459869608 -95.90174279649034
106.9271261105163 -97.2984239445189
107.5476876223365 -98.69557087817431
108.1682491341567 -100.09688889333343
108.78881064597691 -101.50598309523974
109.40937215779712 -102.92627180279001
110.02993366961732 -104.36090443948541
110.65049518143752 -105.81268588333084
111.27105669325773 -107.28400909282092
111.89161820507795 -108.77679762735644
112.51217971689815 -110.29245944276855
