-33.0 -67.43362938564083
-33.0 -67.80873895745246
-33.0 -68.21547283582161
-33.0 -68.65229807326975
-33.0 -69.11671456127826
-33.0 -69.6053353858334
-33.0 -70.1139956856294
-33.0 -70.63788651413772
-33.0 -71.17170940310527
-33.0 -71.7098466596837
-33.0 -72.24654192369977
-33.0 -72.77608518180763
-33.0 -73.29299629201607
-33.0 -73.7922011199611
-33.0 -74.26919462575944
-33.0 -74.72018565969718
-33.0 -75.14221881290088
-33.0 -75.53326940661051
-33.0 -75.89230856702079
-33.0 -76.21933629413166
-33.0 -76.51538146174849
-33.0 -76.78246874863127
-33.0 -77.02355356365345
-33.0 -77.24242705652895
-33.0 -77.44359426714104
-33.0 -77.6321293298537
-33.0 -77.81351238665816
-33.0 -77.99345345090025
-33.0 -78.17770888275322
-33.0 -78.37189637506543
-33.0 -78.58131439608995
-33.0 -78.81077189235535
-33.0 -79.06443372516735
-33.0 -79.34568680853974
-33.0 -79.65703125099111
-33.0 -80.0
-33.0 -80.37510957181163
-33.0 -80.78184345018079
-33.0 -81.21866868762892
-33.0 -81.68308517563744
-33.0 -82.17170600019257
-33.0 -82.68036629998858
-33.0 -83.20425712849689
-33.0 -83.73808001746444
-33.0 -84.27621727404288
-33.0 -84.81291253805894
-33.0 -85.3424557961668
-33.0 -85.85936690637524
-33.0 -86.35857173432026
-33.0 -86.83556524011861
-33.0 -87.28655627405635
-33.0 -87.70858942726005
-33.0 -88.0996400209697
-33.0 -88.45867918137995
-33.0 -88.78570690849084
-33.0 -89.08175207610766
-33.0 -89.34883936299045
-33.0 -89.58992417801264
-33.0 -89.80879767088813
-33.0 -90.00996488150021
-33.0 -90.19849994421287
-33.0 -90.37988300101733
-33.0 -90.55982406525942
-33.0 -90.7440794971124
-33.0 -90.9382669894246
-33.0 -91.14768501044912
-33.0 -91.3771425067145
-33.0 -91.63080433952652
-33.0 -91.91205742289891
-33.0 -92.22340186535028
76.0 -43.0
75.92548756829065 -41.774500158133776
75.7033382987824 -40.571829059586776
75.33769041204361 -39.414390191383816
74.8353552363719 -38.32374444968109
74.20569032563535 -37.32020850106551
73.46042514574921 -36.422476321496866
72.61344257691891 -35.647270962906006
71.6805203018492 -35.00903303437861
70.67903689736787 -34.5196517009306
69.62764810442104 -34.188243210859085
68.54593930691733 -34.02098107728514
67.4540606930826 -34.02098107728515
66.37235189557889 -34.188243210859106
65.32096310263206 -34.51965170093063
64.31947969815074 -35.009033034378646
63.38655742308102 -35.647270962906056
62.53957485425073 -36.42247632149692
61.794309674364605 -37.32020850106557
61.16464476362806 -38.32374444968116
60.66230958795635 -39.414390191383895
60.29666170121759 -40.571829059586854
60.074512431709344 -41.774500158133854
60.0 -43.00000000000008
60.074512431709366 -44.2254998418663
60.29666170121763 -45.4281709404133
60.66230958795641 -46.585609808616255
61.16464476362813 -47.676255550318984
61.7943096743647 -48.67979149893455
62.53957485425083 -49.577523678503184
63.386557423081136 -50.352729037094036
64.31947969815087 -50.990966965621425
65.3209631026322 -51.48034829906942
66.37235189557903 -51.81175678914093
67.45406069308274 -51.97901892271486
68.54593930691748 -51.97901892271484
69.62764810442118 -51.81175678914088
70.679036897368 -51.48034829906934
71.68052030184933 -50.99096696562132
72.61344257691904 -50.3527290370939
73.46042514574933 -49.57752367850302
74.20569032563544 -48.679791498934364
74.83535523637198 -47.67625555031878
75.33769041204367 -46.585609808616034
75.70333829878243 -45.42817094041307
75.92548756829066 -44.22549984186607
76.0 -42.999999999999844
75.92548756829062 -41.77450015813362
75.70333829878236 -40.57182905958662
75.33769041204357 -39.414390191383674
74.83535523637183 -38.32374444968095
74.20569032563526 -37.32020850106539
73.46042514574911 -36.42247632149676
72.6134425769188 -35.647270962905914
71.68052030184907 -35.00903303437854
70.67903689736772 -34.51965170093055
69.6276481044209 -34.188243210859056
68.54593930691719 -34.020981077285136
67.45406069308245 -34.02098107728516
66.37235189557875 -34.188243210859135
65.32096310263194 -34.51965170093069
64.31947969815062 -35.00903303437872
63.38655742308091 -35.64727096290615
62.539574854250624 -36.42247632149703
61.79430967436452 -37.3202085010657
61.16464476362799 -38.32374444968129
60.662309587956294 -39.41439019138404
60.29666170121755 -40.571829059587
60.07451243170932 -41.77450015813401
60.0 -43.00000000000024
60.07451243170938 -44.22549984186646
60.296661701217666 -45.42817094041345
60.662309587956464 -46.585609808616404
61.16464476362821 -47.67625555031912
61.79430967436478 -48.67979149893468
62.53957485425094 -49.5775236785033
63.38655742308126 -50.35272903709413
64.319479698151 -50.990966965621496
65.32096310263233 -51.480348299069476
66.37235189557917 -51.81175678914096
67.45406069308288 -51.97901892271487
68.54593930691762 -51.97901892271483
69.62764810442131 -51.811756789140844
70.67903689736814 -51.48034829906929
71.68052030184944 -50.99096696562124
72.61344257691916 -50.35272903709381
73.46042514574943 -49.577523678502914
74.20569032563553 -48.67979149893424
74.83535523637205 -47.67625555031864
75.33769041204373 -46.58560980861589
75.70333829878247 -45.42817094041292
75.92548756829069 -44.22549984186591
-110.13274122871834 -61.0
-109.55497706254091 -61.0
-108.97721289636348 -61.0
-108.39944873018604 -61.0
-107.8216845640086 -61.0
-107.24392039783118 -61.0
-106.66615623165373 -61.0
-106.0883920654763 -61.0
-105.51062789929887 -61.0
-104.93286373312144 -61.0
-104.355099566944 -61.0
-103.77733540076656 -61.0
-103.19957123458913 -61.0
-102.6218070684117 -61.0
-102.04404290223425 -61.0
-101.46627873605682 -61.0
-100.88851456987939 -61.0
-100.31075040370196 -61.0
-99.73298623752453 -61.0
-99.15522207134708 -61.0
-98.57745790516965 -61.0
-97.99969373899222 -61.0
-97.42192957281478 -61.0
-96.84416540663734 -61.0
-96.26640124045991 -61.0
-95.68863707428248 -61.0
-95.11087290810505 -61.0
-94.5331087419276 -61.0
-93.95534457575017 -61.0
-93.37758040957274 -61.0
-92.7998162433953 -61.0
-92.22205207721787 -61.0
-91.64428791104044 -61.0
-91.066523744863 -61.0
-90.48875957868557 -61.0
-89.91099541250813 -61.0
-89.3332312463307 -61.0
-88.75546708015327 -61.0
-88.17770291397582 -61.0
-87.59993874779839 -61.0
-87.02217458162096 -61.0
-86.44441041544353 -61.0
-85.8666462492661 -61.0
-85.28888208308865 -61.0
-84.71111791691122 -61.0
-84.13335375073379 -61.0
-83.55558958455634 -61.0
-82.97782541837891 -61.0
-82.40006125220148 -61.0
-81.82229708602405 -61.0
-81.24453291984662 -61.0
-80.66676875366917 -61.0
-80.08900458749174 -61.0
-79.51124042131431 -61.0
-78.93347625513687 -61.0
-78.35571208895944 -61.0
-77.777947922782 -61.0
-77.20018375660457 -61.0
-76.62241959042714 -61.0
-76.0446554242497 -61.0
-75.46689125807227 -61.0
-74.88912709189484 -61.0
-74.31136292571739 -61.0
-73.73359875953996 -61.0
-73.15583459336253 -61.0
-72.5780704271851 -61.0
-72.00030626100767 -61.0
-71.42254209483022 -61.0
-70.84477792865279 -61.0
-70.26701376247536 -61.0
-69.68924959629791 -61.0
-69.11148543012048 -61.0
-68.53372126394305 -61.0
-67.95595709776562 -61.0
-67.37819293158819 -61.0
-66.80042876541074 -61.0
-66.22266459923331 -61.0
-65.64490043305588 -61.0
-65.06713626687844 -61.0
-64.489372100701 -61.0
-63.91160793452357 -61.0
-63.33384376834614 -61.0
-62.756079602168704 -61.0
-62.178315435991266 -61.0
-61.600551269813835 -61.0
-61.022787103636404 -61.0
-60.445022937458965 -61.0
107.9822971502571 -49.548667764616276
106.82486827788192 -48.0741836253026
105.66743940550674 -46.62660485109374
104.51001053313155 -45.204825505676936
103.35258166075637 -43.80703591157607
102.1951527883812 -42.43077201343578
101.037723916006 -41.07298259102814
99.88029504363081 -39.73011248858665
98.72286617125563 -38.398199590187865
97.56543729888045 -37.07298289594539
96.40800842650526 -35.750018750979095
95.25057955413008 -34.42480205673662
94.09315068175489 -33.09288915833783
92.93572180937971 -31.750019055896338
91.77829293700452 -30.392229633488697
90.62086406462934 -29.015965735348402
89.46343519225417 -27.618176141247545
88.30600631987897 -26.196396795830744
87.14857744750378 -24.748818021621883
85.9911485751286 -23.27433388230821
84.83371970275343 -21.772572349799983
83.67629083037824 -20.243905452186947
82.51886195800306 -18.68943912578185
81.36143308562788 -17.110983048060806
80.20400421325269 -15.511001274379204
79.0465753408775 -13.892545024964942
77.88914646850232 -12.259169455584534
76.73171759612714 -10.614836682161414
75.57428872375195 -8.963807704581995
74.41685985137677 -7.310526177726382
73.25943097900158 -5.659497200146964
72.1020021066264 -4.015164426723841
70.94457323425121 -2.381788857343434
69.78714436187603 -0.7633326079291676
68.62971548950085 0.8366491657524371
67.47228661712566 2.4151052434734854
66.31485774475048 3.969571569878584
65.15742887237529 5.498238467491625
64.00000000000011 6.999999999999856
62.84257112762493 8.474484139313532
61.685142255249744 9.922062913522398
60.52771338287456 11.343842258939205
59.370284510499374 12.741631853040065
58.21285563812419 14.117895751180365
57.055426765749004 15.475685173588003
55.89799789337383 16.8185552760295
54.74056902099864 18.150468174428283
53.58314014862346 19.47568486867077
52.42571127624827 20.798649013637053
51.268282403873094 22.123865707879528
50.1108535314979 23.455778606278315
48.95342465912272 24.798648708719817
47.79599578674754 26.156438131127445
46.63856691437236 27.532702029267732
45.48113804199717 28.930491623368592
44.32370916962198 30.3522709687854
43.1662802972468 31.799849742994255
42.00885142487162 33.274333882307914
40.85142255249643 34.77609541481614
39.69399368012124 36.30476231242919
38.53656480774606 37.85922863883427
37.37913593537088 39.4376847165553
36.2217070629957 41.037666490236916
35.064278190620506 42.65612273965119
33.90684931824533 44.289498309031586
32.74942044587015 45.933831082454695
31.59199157349496 47.58486006003412
30.434562701119773 49.238141586889746
29.277133828744596 50.889170564469154
28.119704956369418 52.53350333789227
26.962276083994226 54.16687890727269
25.804847211619034 55.78533515668696
24.647418339243856 57.38531693036856
23.48998946686868 58.9637730080896
22.332560594493486 60.51823933449471
21.175131722118294 62.04690623210776
45.69911184307752 -71.0
44.50231464170998 -71.01982751215145
43.30551744034244 -71.07852378812959
42.1087202389749 -71.173761225684
40.91192303760736 -71.30176318191393
39.71512583623982 -71.45745373613424
38.518328634872276 -71.6346589756336
37.32153143350474 -71.82635182233307
36.1247342321372 -72.02493069173808
34.92793703076966 -72.22252093395632
33.731139829402125 -72.4112871031306
32.53434262803458 -72.58374367223479
31.33754542666704 -72.73305187182983
30.140748225299504 -72.85329088163215
28.943951023931962 -72.9396926207859
27.74715382256442 -72.98883082622513
26.550356621196883 -72.99875692121893
25.353559419829345 -72.96907728622908
24.156762218461804 -72.90096886790242
22.959965017094262 -72.79713250722293
21.763167815726725 -72.66168583759686
20.566370614359187 -72.5
19.369573412991645 -72.31848665025169
18.172776211624104 -72.12434370464749
16.975979010256566 -71.92526990641358
15.779181808889026 -71.729159531857
14.582384607521487 -71.54378934264685
13.385587406153947 -71.37651019814128
12.188790204786407 -71.23395555688103
10.991993003418868 -71.12177842662977
9.795195802051328 -71.04442719421387
8.598398600683788 -71.00496922463459
7.401601399316249 -71.00496922463459
6.204804197948709 -71.04442719421385
5.0080069965811695 -71.12177842662977
3.81120979521363 -71.23395555688101
2.6144125938460903 -71.37651019814126
1.4176153924785506 -71.54378934264683
0.22081819111101098 -71.729159531857
-0.9759790102565287 -71.92526990641358
-2.1727762116240683 -72.12434370464749
-3.3695734129916133 -72.31848665025169
-4.566370614359148 -72.5
-5.763167815726682 -72.66168583759685
-6.959965017094227 -72.79713250722293
-8.156762218461772 -72.90096886790242
-9.353559419829306 -72.96907728622908
-10.55035662119684 -72.99875692121893
-11.747153822564385 -72.98883082622513
-12.94395102393193 -72.9396926207859
-14.140748225299465 -72.85329088163216
-15.337545426666999 -72.73305187182983
-16.534342628034544 -72.58374367223479
-17.73113982940209 -72.41128710313062
-18.927937030769623 -72.22252093395632
-20.124734232137158 -72.02493069173808
-21.321531433504703 -71.82635182233308
-22.518328634872248 -71.63465897563361
-23.715125836239782 -71.45745373613424
-24.911923037607316 -71.30176318191393
-26.10872023897486 -71.173761225684
-27.305517440342406 -71.0785237881296
-28.502314641709944 -71.01982751215145
