41.0 -45.0
41.0 -45.020470058747506
41.0 -45.08104218837977
41.0 -45.179236558792724
41.0 -45.31103308092431
41.0 -45.47103598967304
41.0 -45.65269474715518
41.0 -45.84857222249542
41.0 -46.05064916883871
41.0 -46.25065253225872
41.0 -46.44039415155763
41.0 -46.61210598254766
41.0 -46.75875812269279
41.0 -46.874346616144585
41.0 -46.95413925640005
41.0 -46.994869323391896
41.0 -46.994869323391896
41.0 -46.95413925640005
41.0 -46.874346616144585
41.0 -46.75875812269279
41.0 -46.61210598254766
41.0 -46.44039415155763
41.0 -46.25065253225872
41.0 -46.05064916883871
41.0 -45.84857222249543
41.0 -45.65269474715518
41.0 -45.47103598967304
41.0 -45.31103308092431
41.0 -45.179236558792724
41.0 -45.08104218837977
41.0 -45.020470058747506
41.0 -45.0
41.0 -45.020470058747506
41.0 -45.08104218837977
41.0 -45.179236558792724
41.0 -45.31103308092431
41.0 -45.471035989673034
41.0 -45.65269474715518
41.0 -45.84857222249542
41.0 -46.05064916883871
41.0 -46.25065253225872
41.0 -46.44039415155763
41.0 -46.61210598254766
41.0 -46.75875812269279
41.0 -46.87434661614458
41.0 -46.95413925640005
41.0 -46.994869323391896
41.0 -46.994869323391896
41.0 -46.95413925640005
41.0 -46.874346616144585
41.0 -46.75875812269279
41.0 -46.61210598254766
41.0 -46.44039415155763
41.0 -46.25065253225873
41.0 -46.05064916883872
41.0 -45.84857222249543
41.0 -45.65269474715518
41.0 -45.47103598967304
41.0 -45.31103308092432
41.0 -45.179236558792724
41.0 -45.08104218837977
41.0 -45.020470058747506
-88.0 -26.000000000000004
-87.91241261867413 -27.391731009600658
-87.65135526344487 -28.756373558169997
-87.2219091187834 -30.06736643075801
-86.63243286540782 -31.29919264233206
-85.8943999880708 -32.427876096865404
-85.02217545722971 -33.431448254773954
-84.0327361312367 -34.290375725550426
-82.94534032110168 -34.98794046299168
-81.78115294937452 -35.51056516295154
-80.56283359900236 -35.84807753012208
-79.31409547032248 -35.99390827019096
-78.0592438305911 -35.945218953682726
-76.82270293960296 -35.70295726275996
-75.62854065925677 -35.27183854566786
-74.49999999999997 -34.66025403784437
-73.45904672206905 -33.8801075360672
-72.52594179695211 -32.94658370458995
-71.71884705062546 -31.8778525229247
-71.05347166426964 -30.694715627858873
-70.54276641292681 -29.42020143325665
-70.19667159339573 -28.07911690817755
-70.02192354766157 -26.69756473744121
-70.02192354766159 -25.3024352625587
-70.19667159339576 -23.920883091822358
-70.54276641292684 -22.579798566743264
-71.05347166426968 -21.305284372141045
-71.7188470506255 -20.122147477075224
-72.52594179695217 -19.05341629540999
-73.45904672206912 -18.119892463932743
-74.50000000000004 -17.339745962155583
-75.62854065925684 -16.728161454332103
-76.82270293960305 -16.29704273724002
-78.05924383059117 -16.05478104631726
-79.31409547032257 -16.006091729809043
-80.56283359900243 -16.15192246987793
-81.78115294937459 -16.489434837048485
-82.94534032110175 -17.012059537008362
-84.03273613123677 -17.709624274449624
-85.02217545722978 -18.56855174522611
-85.89439998807084 -19.572123903134667
-86.63243286540788 -20.70080735766802
-87.22190911878344 -21.932633569242075
-87.65135526344488 -23.243626441830088
-87.91241261867414 -24.60826899039943
-88.0 -26.00000000000009
-87.91241261867413 -27.391731009600743
-87.65135526344484 -28.756373558170083
-87.22190911878337 -30.06736643075809
-86.6324328654078 -31.29919264233213
-85.89439998807075 -32.42787609686547
-85.02217545722965 -33.43144825477401
-84.03273613123665 -34.290375725550476
-82.94534032110161 -34.987940462991716
-81.78115294937443 -35.510565162951565
-80.56283359900227 -35.8480775301221
-79.31409547032241 -35.99390827019096
-78.05924383059102 -35.945218953682726
-76.82270293960289 -35.70295726275994
-75.6285406592567 -35.27183854566783
-74.49999999999991 -34.660254037844325
-73.45904672206899 -33.88010753606714
-72.52594179695207 -32.946583704589884
-71.71884705062541 -31.87785252292463
-71.05347166426961 -30.6947156278588
-70.54276641292678 -29.42020143325657
-70.19667159339572 -28.07911690817747
-70.02192354766157 -26.697564737441123
-70.02192354766159 -25.302435262558614
-70.19667159339578 -23.920883091822276
-70.54276641292687 -22.579798566743186
-71.05347166426972 -21.30528437214097
-71.71884705062554 -20.122147477075156
-72.52594179695222 -19.053416295409924
-73.45904672206917 -18.119892463932693
-74.50000000000011 -17.33974596215554
-75.62854065925691 -16.72816145433207
-76.82270293960312 -16.297042737239998
-78.05924383059126 -16.054781046317252
-79.31409547032264 -16.00609172980905
-80.56283359900252 -16.151922469877945
-81.78115294937466 -16.489434837048513
-82.94534032110182 -17.0120595370084
-84.03273613123685 -17.709624274449673
-85.02217545722984 -18.568551745226166
-85.8943999880709 -19.572123903134734
-86.6324328654079 -20.70080735766809
-87.22190911878347 -21.932633569242153
-87.65135526344491 -23.243626441830173
-87.91241261867415 -24.608268990399516
-37.451332235383724 -8.0
-38.72208881436387 -8.0
-39.99284539334401 -8.0
-41.26360197232415 -8.0
-42.5343585513043 -8.0
-43.80511513028445 -8.0
-45.07587170926459 -8.0
-46.34662828824473 -8.0
-47.61738486722488 -8.0
-48.888141446205026 -8.0
-50.15889802518517 -8.0
-51.42965460416531 -8.0
-52.700411183145455 -8.0
-53.9711677621256 -8.0
-55.241924341105744 -8.0
-56.512680920085884 -8.0
-57.78343749906603 -8.0
-59.05419407804618 -8.0
-60.32495065702632 -8.0
-61.59570723600646 -8.0
-62.86646381498661 -8.0
-64.13722039396676 -8.0
-65.4079769729469 -8.0
-66.67873355192704 -8.0
-67.94949013090718 -8.0
-69.22024670988733 -8.0
-70.49100328886747 -8.0
-71.76175986784762 -8.0
-73.03251644682777 -8.0
-74.30327302580791 -8.0
-75.57402960478805 -8.0
-76.84478618376819 -8.0
-78.11554276274833 -8.0
-79.38629934172849 -8.0
-80.65705592070863 -8.0
-81.92781249968877 -8.0
-83.19856907866892 -8.0
-84.46932565764907 -8.0
-85.7400822366292 -8.0
-87.01083881560935 -8.0
-88.28159539458949 -8.0
-89.55235197356964 -8.0
-90.82310855254978 -8.0
-92.09386513152992 -8.0
-93.36462171051008 -8.0
-94.63537828949022 -8.0
-95.90613486847036 -8.0
-97.1768914474505 -8.0
-98.44764802643064 -8.0
-99.7184046054108 -8.0
-100.98916118439094 -8.0
-102.25991776337108 -8.0
-103.53067434235123 -8.0
-104.80143092133137 -8.0
-106.07218750031151 -8.0
-107.34294407929166 -8.0
-108.6137006582718 -8.0
-109.88445723725195 -8.0
-111.15521381623209 -8.0
-112.42597039521223 -8.0
-113.69672697419239 -8.0
-114.96748355317253 -8.0
-116.23824013215267 -8.0
-117.50899671113281 -8.0
-118.77975329011295 -8.0
-120.0505098690931 -8.0
-121.32126644807325 -8.0
-122.59202302705339 -8.0
-123.86277960603354 -8.0
-125.13353618501368 -8.0
-126.40429276399382 -8.0
-127.67504934297396 -8.0
-128.9458059219541 -8.0
-130.21656250093426 -8.0
-131.4873190799144 -8.0
-132.75807565889454 -8.0
-134.0288322378747 -8.0
-135.29958881685485 -8.0
-136.57034539583498 -8.0
-137.8411019748151 -8.0
-139.11185855379526 -8.0
-140.3826151327754 -8.0
-141.65337171175554 -8.0
-142.9241282907357 -8.0
-144.19488486971585 -8.0
-145.46564144869598 -8.0
-146.73639802767613 -8.0
-148.0071546066563 -8.0
-149.2779111856364 -8.0
154.83185307179588 -84.9822971502571
152.9278575241657 -83.66757156965326
151.0238619765355 -82.38833545055878
149.1198664289053 -81.14265296740254
147.21587088127515 -79.92737557878752
145.31187533364496 -78.73825582398027
143.4078797860148 -77.57010083720846
141.50388423838461 -76.41696003135979
139.59988869075443 -75.27234016770436
137.69589314312424 -74.12944003846026
135.79189759549405 -72.98139628016327
133.8879020478639 -71.82153143350473
131.9839065002337 -70.64359528410888
130.07991095260354 -69.44199076156526
128.17591540497335 -68.21197623213627
126.27191985734316 -66.94983687375472
124.36792430971299 -65.65301893937217
122.46392876208282 -64.32022205603106
120.55993321445263 -62.95144622373134
118.65593766682245 -61.547991815430635
116.75194211919228 -60.11241257817738
114.84794657156209 -58.648423334038746
112.94395102393192 -57.16076571675234
111.03995547630174 -55.65503679672863
109.13595992867155 -54.13748678834337
107.23196438104138 -52.614793150905214
105.32796883341119 -51.0938192478784
103.42397328578102 -49.581366287044816
101.51997773815083 -48.08392750713438
99.61598219052065 -46.607453495259385
97.71198664289048 -45.15713711719215
95.80799109526029 -43.73722583366613
93.90399554763012 -42.35086818607837
91.99999999999994 -40.99999999999996
90.09600445236975 -39.68527441939612
88.19200890473958 -38.40603830030163
86.2880133571094 -37.1603558171454
84.38401780947922 -35.94507842853039
82.48002226184904 -34.755958673723136
80.57602671421886 -33.587803686951325
78.67203116658868 -32.43466288110265
76.7680356189585 -31.290043017447218
74.86404007132832 -30.14714288820312
72.96004452369814 -28.999099129906135
71.05604897606796 -27.83923428324758
69.15205342843777 -26.661298133851734
67.24805788080761 -25.459693611308115
65.34406233317743 -24.22967908187913
63.440066785547245 -22.96753972349757
61.53607123791706 -21.670721789115024
59.63207569028688 -20.337924905773907
57.728080142656715 -18.969149073474195
55.82408459502653 -17.56569466517349
53.92008904739634 -16.130115427920217
52.01609349976617 -14.666126183781593
50.112097952136 -13.17846856649519
48.20810240450581 -11.672739646471477
46.30410685687562 -10.15518963808621
44.400111309245446 -8.63249600064806
42.49611576161528 -7.111522097621261
40.59212021398509 -5.599069136787669
38.6881246663549 -4.10163035687723
36.784129118724735 -2.6251563450022317
34.88013357109456 -1.1748399669350036
32.97613802346437 0.2450713165910159
31.072142475834184 1.631428964178781
3.0177028497428964 6.4336293856408275
3.9436459476430485 6.689448625796418
4.869589045543201 6.9279486375754065
5.795532143443353 7.149584653104057
6.721475241343505 7.355106549912859
7.647418339243657 7.545545749180295
8.57336143714381 7.722197194885004
9.499304535043962 7.886596728724154
10.425247632944114 8.040494256100253
11.351190730844266 8.18582317201658
12.277133828744418 8.324666581067772
13.20307692664457 8.459220901725173
14.129020024544722 8.591757490817843
15.054963122444875 8.724582958700974
15.980906220345027 8.859998868479586
16.90684931824518 9.000261523417077
17.83279241614533 9.147542545117446
18.758735514045483 9.303890931253738
19.684678611945635 9.471197255764801
20.610621709845788 9.651160637009559
21.53656480774594 9.845259051006632
22.462507905646092 10.054723508442276
23.388451003546244 10.280516546622348
24.314394101446396 10.52331541215396
25.24033719934655 10.78350022818666
26.1662802972467 11.06114735295348
27.092223395146853 11.356028045650461
28.018166493047005 11.667612462964271
28.944109590947157 11.995078916421114
29.87005268884731 12.337328228813808
30.79599578674746 12.693002938873542
31.721938884647614 13.060511018644956
32.647881982547766 13.438053689177828
33.57382508044792 13.823656848543488
34.49976817834807 14.21520556307
35.42571127624822 14.610481019170031
36.351654374148374 15.0071992901442
37.27759747204853 15.403051240631703
38.20354056994868 15.795742871503155
39.12948366784883 16.183035400295314
40.05542676574898 16.562784376907864
40.981369863649135 16.932977151138218
41.90731296154929 17.291768037426817
42.83325605944944 17.637510562419298
43.75919915734959 17.968786231920653
44.685142255249744 18.28442931462914
45.611085353149896 18.583547209631927
46.53702845105005 18.865536041804503
47.4629715489502 19.130091212633115
48.38891464685035 19.377212722117765
49.314857744750505 19.6072051687722
50.24080084265066 19.820672427720943
51.16674394055081 20.01850709987681
52.09268703845096 20.20187491654156
53.01863013635111 20.372194371910187
53.944573234251266 20.53111193933706
54.87051633215142 20.680473304381735
55.79645943005157 20.822291117246806
56.72240252795172 20.958709828032582
57.648345625851874 21.091968219202307
58.574288723752026 21.224360289885368
59.50023182165218 21.358195175442567
60.42617491955233 21.495756802573286
61.35211801745248 21.639263984864858
62.278061115352635 21.79083165598922
63.20400421325279 21.952433917875037
64.12994731115293 22.125869549472537
65.05589040905309 22.312730578737078
65.98183350695325 22.51437446693747
66.9077766048534 22.73190039128089
67.83371970275354 22.966130040241143
68.7596628006537 23.217593257131558
69.68560589855386 23.486518782756093
70.611548996454 23.772830258881715
71.53749209435415 24.07614756235888
72.46343519225431 24.39579344658047
73.38937829015447 24.73080537424063
74.31532138805461 25.079952334653107
75.24126448595476 25.441756351799278
76.16720758385492 25.814518307320213
77.09315068175508 26.196347627277078
78.01909377965522 26.58519531399682
78.94503687755537 26.97888974587544
79.87097997545553 27.375174619649535
80.79692307335569 27.7717483722141
81.72286617125583 28.166304393213924
82.64880926915598 28.55657132581996
83.57475236705613 28.94035275156086
84.5006954649563 29.31556556584199
85.42663856285644 29.680276373660064
86.35258166075658 30.032735269612584
87.27852475865674 30.371406412002376
88.2044678565569 30.694994856850798
89.13041095445705 31.00246918297937
90.0563540523572 31.29307951285761
