65.0 51.0
65.4895988551049 50.170714381549786
65.9791977102098 49.3152068266089
66.4687965653147 48.43452730126181
66.9583954204196 47.5303947180461
67.44799427552451 46.60515125576032
67.93759313062942 45.661700115937805
68.42719198573432 44.703428370111354
68.91679084083923 43.73411694820707
69.40638969594413 42.75784016013029
69.89598855104903 41.77885742076311
70.38558740615393 40.80150005578713
70.87518626125883 39.83005619647304
71.36478511636373 38.868656822363825
71.85438397146864 37.92116598027365
72.34398282657354 36.99107809703807
72.83358168167844 36.081425114934945
73.32318053678335 35.19469591765705
73.81277939188826 34.332770188095495
74.30237824699316 33.49686845566683
50.0 72.0
50.05455478638911 70.5186486874734
50.21673103319746 69.07770477715785
50.48210499517404 67.71647346266634
50.84343796241443 66.472085585793
51.290873713497035 65.37848480394182
51.81220736751029 64.46550169563724
52.393218301388124 63.758040060104484
53.0180580514368 63.27539760654602
53.66968261811067 63.03073956293997
54.33031738188933 63.03073956293997
54.9819419485632 63.27539760654602
55.606781698611876 63.758040060104484
56.1877926324897 64.46550169563724
56.709126286502965 65.37848480394182
57.15656203758557 66.472085585793
57.51789500482596 67.71647346266634
57.78326896680254 69.07770477715785
57.94544521361089 70.51864868747339
24.0 49.0
23.598945618690664 47.79683685607199
23.19789123738133 46.59367371214399
22.796836856071995 45.39051056821598
22.395782474762658 44.18734742428798
21.994728093453325 42.98418428035997
21.59367371214399 41.78102113643197
21.192619330834653 40.57785799250396
20.791564949525316 39.374694848575956
20.390510568215984 38.17153170464795
19.989456186906647 36.96836856071994
19.58840180559731 35.765205416791936
19.187347424287978 34.56204227286393
18.78629304297864 33.358879128935925
18.385238661669305 32.155715985007916
17.98418428035997 30.952552841079914
17.583129899050636 29.749389697151905
17.1820755177413 28.5462265532239
16.781021136431963 27.343063409295894
16.37996675512263 26.139900265367885
15.978912373813294 24.93673712143988
15.57785799250396 23.733573977511877
15.176803611194623 22.530410833583872
14.775749229885289 21.327247689655866
-50.0 5.0
-48.74336293856408 4.8664509951708865
-47.486725877128166 4.717255748841447
-46.23008881569225 4.552785367457476
-44.97345175425633 4.373651855469497
-43.716814692820414 4.180698463656989
-42.4601776313845 3.9749863905598612
-41.20354056994858 3.7577780467435473
-39.94690350851266 3.5305171458302627
-38.690266447076745 3.294805936272747
-37.43362938564083 3.05237993293903
-36.17699232420491 2.8050805470062157
-34.92035526276899 2.5548260458062124
-33.663718201333076 2.303581300603994
-32.40708113989716 2.0533267994039908
-31.150444078461238 1.8060274134711762
-29.893807017025324 1.5636014101374593
-28.637169955589403 1.3278902005799433
-27.38053289415349 1.1006292996666591
-26.12389583271757 0.8834209558503452
-24.867258771281655 0.6777088827532181
-23.610621709845738 0.48475549094071013
-22.353984648409817 0.30562197895273036
-21.097347586973903 0.14115159756875917
-19.840710525537983 -0.008043648760679645
-68.0 -41.0
-67.83018418088704 -40.165304994087485
-67.66036836177408 -39.3589643634093
-67.49055254266112 -38.579748600144384
-67.32073672354815 -37.825647863422326
-67.1509209044352 -37.09392979878587
-66.98110508532223 -36.381218143053914
-66.81128926620927 -35.68358985326603
-66.6414734470963 -34.996687965485805
-66.47165762798335 -34.315846936720575
-66.30184180887038 -33.63622686409879
-66.13202598975742 -32.95295272006365
-65.96221017064445 -32.26125459803996
-65.7923943515315 -31.556604933961772
-65.62257853241853 -30.8348487560472
-65.45276271330557 -30.092323215771707
-65.2829468941926 -29.325962961351195
-65.11313107507965 -28.533388322331746
-64.9433152559667 -27.712973768375967
