5.0 5.043728087422593
5.05235987755983 4.934342655643089
5.1047197551196595 4.971866602745245
5.15707963267949 4.963324617394255
5.20943951023932 5.0783663358213875
5.261799387799149 4.883650454951748
5.314159265358979 4.993641084249057
5.3665191429188095 4.873212124165678
5.418879020478639 4.951716606382219
5.471238898038469 4.983934240232323
5.523598775598299 5.039107975790358
5.575958653158128 4.947887966171216
5.628318530717959 4.913421418603121
5.680678408277789 4.887702584960123
5.733038285837618 4.977470843927423
5.785398163397448 4.897477392791863
5.8377580409572785 4.907671195191128
5.890117918517108 4.970960966566456
5.942477796076938 4.892407649422569
5.994837673636768 4.849610378777504
6.047197551196597 4.902909555534045
6.099557428756428 4.919252635131451
6.151917306316257 4.8020149343984455
6.204277183876087 4.881398391758262
6.256637061435917 4.883146013947691
6.308996938995747 4.865769101874126
6.361356816555577 4.917638023978615
6.413716694115407 4.809331116978545
6.466076571675236 4.851298502173505
6.518436449235066 4.782429526717671
6.570796326794897 4.813703580900617
6.623156204354727 4.8391131782618215
6.675516081914556 4.762462962052256
6.727875959474386 4.823693013201842
6.7802358370342155 4.845236544281953
6.832595714594046 4.801838550391353
6.884955592153876 4.775865659046621
6.937315469713706 4.8128310386327575
6.989675347273535 4.82134247788976
7.0420352248333655 4.748308203387537
7.094395102393195 4.811288673192099
7.146754979953025 4.824413777988497
7.199114857512855 4.809648416481774
7.251474735072685 4.873837556920786
7.303834612632515 4.808877022155685
7.356194490192345 4.808121425970155
7.408554367752174 4.764740799845607
7.460914245312004 4.763550932865378
7.5132741228718345 4.738639997162392
7.565634000431665 4.66585270284818
7.617993877991494 4.7999453543948745
7.670353755551324 4.7576554177144255
7.722713633111153 4.825023635644327
7.775073510670984 4.6747347089745315
7.827433388230814 4.661899766165821
7.879793265790644 4.756628130582004
7.932153143350473 4.74698536501047
7.9845130209103035 4.7562567886832445
8.036872898470133 4.646351467866254
8.089232776029963 4.714046417442305
8.141592653589793 4.70460125854712
8.193952531149623 4.668012132273752
8.246312408709453 4.652710493201682
8.298672286269284 4.678823382291054
8.351032163829112 4.612908918552847
8.403392041388942 4.71601909580685
8.455751918948772 4.555384604127478
8.508111796508603 4.620770408623711
8.560471674068431 4.632291893441677
8.612831551628261 4.588907163075705
8.665191429188091 4.62393441429539
8.717551306747922 4.6085702467992
8.769911184307752 4.622984488312062
8.822271061867582 4.661842579384745
8.874630939427412 4.570652500658337
8.926990816987242 4.602116196036786
8.97935069454707 4.540108797228916
9.0317105721069 4.634344602386182
9.084070449666731 4.641770316538152
9.13643032722656 4.608202756364835
9.18879020478639 4.634745937251084
9.24115008234622 4.531215622627802
9.29350995990605 4.5310072951590605
9.34586983746588 4.619352130213895
9.39822971502571 4.597300956961367
9.45058959258554 4.491795559016179
9.50294947014537 4.416035480877914
9.555309347705201 4.566548824503088
9.60766922526503 4.611457471779641
9.66002910282486 4.551260782180798
9.71238898038469 4.490979064544396
9.764748857944518 4.5369412279900985
9.817108735504348 4.488944397127583
9.869468613064178 4.577773591715322
9.921828490624009 4.5849839676653925
9.974188368183839 4.501740082295997
10.026548245743669 4.4991741613097185
10.0789081233035 4.519282358144325
10.13126800086333 4.536460286279143
10.18362787842316 4.4732166589071145
10.235987755982988 4.472762905666721
10.288347633542818 4.396337414847881
10.340707511102648 4.453645293531976
10.393067388662477 4.465751788463996
10.445427266222307 4.423384632474283
10.497787143782137 4.4683452488614375
10.550147021341967 4.532710400327801
10.602506898901797 4.556576969432682
10.654866776461628 4.340146888717521
10.707226654021458 4.4034158783443145
10.759586531581288 4.316394797834634
10.811946409141118 4.417367845948893
10.864306286700947 4.393249189038045
10.916666164260777 4.447160148847363
10.969026041820607 4.442731820832979
11.021385919380435 4.3852579580751545
11.073745796940266 4.40186360556387
11.126105674500096 4.385707768172172
11.178465552059926 4.3551441315772506
11.230825429619756 4.40845729085963
11.283185307179586 4.3491275529050775
11.335545184739416 4.328483560555205
11.387905062299247 4.364043582866768
11.440264939859077 4.366820158710296
11.492624817418905 4.347096363856011
11.544984694978735 4.307396798805903
11.597344572538566 4.36765735892401
11.649704450098394 4.262463417273215
11.702064327658224 4.3480407782197465
11.754424205218054 4.253043571813659
11.806784082777884 4.366565356656839
11.859143960337715 4.297481318324444
11.911503837897545 4.323519014367012
11.963863715457375 4.321311625031223
12.016223593017205 4.350791089114998
12.068583470577035 4.299287679835196
12.120943348136864 4.283392850550138
12.173303225696694 4.331379051441364
12.225663103256524 4.268436229821583
12.278022980816353 4.264861106226733
12.330382858376183 4.3077559950635225
12.382742735936013 4.212732938987399
12.435102613495843 4.2733010049543365
12.487462491055673 4.219261498673452
12.539822368615503 4.242742712365736
12.592182246175334 4.1886181953817445
12.644542123735164 4.249872161797578
12.696902001294994 4.258213289573299
12.749261878854822 4.301828401031041
12.801621756414653 4.207308151679803
12.853981633974483 4.213352018795744
12.906341511534311 4.186153195554009
12.958701389094141 4.19971537067558
13.011061266653972 4.195578862803604
13.063421144213802 4.16498983095768
13.115781021773632 4.186082737621234
13.168140899333462 4.244562127671584
13.220500776893292 4.177139682231039
13.27286065445312 4.199386690641516
13.32522053201295 4.135704845804293
13.377580409572781 4.1686064158336125
13.429940287132611 4.095574640549452
13.482300164692441 4.221258789108916
13.534660042252272 4.195811610338812
13.5870199198121 4.147388631956047
13.63937979737193 4.2063737379712105
13.69173967493176 4.145013753741672
13.74409955249159 4.162102397588073
13.79645943005142 4.152836520368949
13.848819307611251 4.161260916761983
13.90117918517108 4.0604316141052434
13.95353906273091 4.04091629109231
14.00589894029074 4.093791341651236
14.05825881785057 4.0787855526358126
14.1106186954104 4.0230692910532735
14.16297857297023 4.045087062232052
14.215338450530059 4.144379709208657
14.267698328089889 4.09150928333184
14.320058205649719 4.0623188637727745
14.37241808320955 4.052650811166188
