10.0 30.0
10.078539816339745 29.989528024488035
10.15707963267949 29.97905604897607
10.235619449019234 29.9685840734641
10.31415926535898 29.958112097952135
10.392699081698725 29.94764012244017
10.471238898038468 29.937168146928204
10.549778714378213 29.92669617141624
10.628318530717959 29.916224195904274
10.706858347057704 29.905752220392305
10.78539816339745 29.89528024488034
10.863937979737193 29.884808269368374
10.942477796076938 29.87433629385641
11.021017612416683 29.863864318344444
11.099557428756427 29.853392342832475
11.178097245096172 29.84292036732051
11.256637061435917 29.832448391808544
11.335176877775663 29.82197641629658
11.413716694115408 29.811504440784613
11.492256510455151 29.801032465272648
11.570796326794897 29.79056048976068
11.649336143134642 29.780088514248714
11.727875959474385 29.76961653873675
11.80641577581413 29.759144563224783
11.884955592153876 29.748672587712818
11.963495408493621 29.73820061220085
12.042035224833366 29.727728636688884
12.12057504117311 29.71725666117692
12.199114857512855 29.706784685664953
12.2776546738526 29.696312710152988
12.356194490192344 29.68584073464102
12.43473430653209 29.675368759129054
12.513274122871834 29.66489678361709
12.59181393921158 29.654424808105123
12.670353755551325 29.643952832593158
12.748893571891069 29.633480857081192
12.827433388230814 29.623008881569223
12.905973204570557 29.612536906057258
12.984513020910303 29.602064930545293
13.063052837250048 29.591592955033327
13.141592653589793 29.581120979521362
13.220132469929538 29.570649004009397
13.298672286269284 29.560177028497428
13.377212102609027 29.549705052985463
13.455751918948772 29.539233077473497
13.534291735288518 29.528761101961532
13.612831551628261 29.518289126449567
13.691371367968006 29.507817150937598
13.769911184307752 29.497345175425632
13.848451000647497 29.486873199913667
13.92699081698724 29.4764012244017
14.005530633326986 29.465929248889736
14.084070449666731 29.455457273377768
14.162610266006475 29.444985297865802
14.24115008234622 29.434513322353837
14.319689898685965 29.42404134684187
14.39822971502571 29.413569371329906
14.476769531365456 29.40309739581794
14.555309347705201 29.392625420305972
14.633849164044944 29.382153444794007
14.71238898038469 29.37168146928204
14.790928796724433 29.361209493770076
14.869468613064178 29.35073751825811
14.948008429403924 29.340265542746142
15.026548245743669 29.329793567234177
15.105088062083414 29.31932159172221
15.18362787842316 29.308849616210246
15.262167694762903 29.29837764069828
15.340707511102648 29.287905665186315
15.419247327442394 29.277433689674346
15.497787143782137 29.26696171416238
15.576326960121882 29.256489738650416
15.654866776461628 29.24601776313845
15.733406592801373 29.235545787626485
15.811946409141116 29.225073812114516
15.890486225480862 29.21460183660255
15.969026041820607 29.204129861090586
16.04756585816035 29.19365788557862
16.126105674500096 29.183185910066655
16.20464549083984 29.17271393455469
16.283185307179586 29.16224195904272
16.36172512351933 29.151769983530755
16.440264939859077 29.14129800801879
16.51880475619882 29.130826032506825
16.597344572538567 29.12035405699486
16.67588438887831 29.10988208148289
16.754424205218054 29.099410105970925
16.8329640215578 29.08893813045896
16.911503837897545 29.078466154946994
16.99004365423729 29.06799417943503
17.068583470577035 29.057522203923064
17.14712328691678 29.047050228411095
17.225663103256522 29.03657825289913
17.30420291959627 29.026106277387164
17.382742735936013 29.0156343018752
17.461282552275758 29.005162326363234
17.539822368615503 28.994690350851265
17.618362184955245 28.9842183753393
17.696902001294994 28.973746399827334
17.775441817634736 28.96327442431537
17.85398163397448 28.952802448803403
17.932521450314226 28.942330473291435
18.01106126665397 28.93185849777947
18.089601082993717 28.921386522267504
18.168140899333462 28.91091454675554
18.246680715673207 28.900442571243573
18.32522053201295 28.889970595731608
18.403760348352698 28.87949862021964
18.48230016469244 28.869026644707674
18.560839981032185 28.85855466919571
18.63937979737193 28.848082693683743
18.717919613711675 28.837610718171778
18.79645943005142 28.827138742659812
18.874999246391166 28.816666767147844
18.95353906273091 28.80619479163588
19.032078879070653 28.795722816123913
19.110618695410402 28.785250840611948
19.189158511750144 28.774778865099982
19.26769832808989 28.764306889588013
19.346238144429634 28.753834914076048
