20.0 7.990941642414073
20.078539816339745 8.114804608503482
20.15707963267949 8.063418172768724
20.235619449019236 8.174821158194622
20.31415926535898 8.120351113214896
20.392699081698723 8.159911894044415
20.471238898038468 8.043309364176377
20.549778714378213 8.196038235560556
20.62831853071796 8.200199916877336
20.706858347057704 8.235495111585454
20.78539816339745 8.205924554316637
20.863937979737194 8.214314001514749
20.942477796076936 8.317451231739229
21.02101761241668 8.39545506252326
21.099557428756427 8.258081971753562
21.178097245096172 8.434231442377511
21.256637061435917 8.409030849637608
21.335176877775663 8.45065058746008
21.413716694115408 8.405422949466203
21.492256510455153 8.529329699509953
21.5707963267949 8.58202341305601
21.64933614313464 8.644653851172906
21.727875959474385 8.496427207720266
21.80641577581413 8.590603240933724
21.884955592153876 8.664430703160473
21.96349540849362 8.762270569409885
22.042035224833366 8.651896054682913
22.12057504117311 8.726996730349489
22.199114857512853 8.71099943973858
22.2776546738526 8.694942791363314
22.356194490192344 8.904049992228146
22.43473430653209 8.779492862112939
22.513274122871834 8.811290662609496
22.59181393921158 8.697333452608381
22.670353755551325 8.83435775325342
22.74889357189107 8.871816704715101
22.827433388230816 8.952613804217318
22.905973204570557 9.006986923594472
22.984513020910303 9.000341857469369
23.063052837250048 9.065121907800359
23.141592653589793 9.034284567608468
23.22013246992954 9.072218123243774
23.298672286269284 9.040487412212858
23.37721210260903 9.21647269988394
23.45575191894877 9.089849098094282
23.534291735288516 9.331313811444284
23.61283155162826 9.203445560047959
23.691371367968006 9.136341129275934
23.76991118430775 9.318460132487878
23.848451000647497 9.371995416329606
23.926990816987242 9.211724857652042
24.005530633326984 9.258577083877217
24.084070449666733 9.14093382123108
24.162610266006475 9.416372909155566
24.24115008234622 9.447687147783295
24.319689898685965 9.304691422818163
24.39822971502571 9.418143635764789
24.476769531365456 9.573760614224277
24.5553093477052 9.485961767359465
24.633849164044946 9.50258185173621
24.712388980384688 9.641897792520462
24.790928796724433 9.566262049246326
24.86946861306418 9.503977047771421
24.948008429403924 9.600126841035475
25.02654824574367 9.668756969258315
25.105088062083414 9.699254179638643
25.18362787842316 9.677967739502591
25.2621676947629 9.608647312419095
25.34070751110265 9.791099155133656
25.419247327442392 9.706521209674674
25.497787143782137 9.832849995686574
25.576326960121882 9.716928196912548
25.654866776461628 9.804510945109023
25.733406592801373 10.00800947373577
25.811946409141115 9.902206096145447
25.890486225480863 10.058399007214696
25.969026041820605 9.932686924946589
26.04756585816035 9.97924553223121
26.126105674500096 9.901143388532386
26.20464549083984 10.168024519482486
26.283185307179586 9.997897024038375
26.36172512351933 10.193504939253895
26.440264939859077 10.134323505787538
26.51880475619882 10.05336356615679
26.597344572538567 10.144300930858858
26.67588438887831 10.3059523719528
26.754424205218054 10.166544259199824
26.8329640215578 10.28527391938772
26.911503837897545 10.37894116364409
26.99004365423729 10.389117824951963
27.068583470577035 10.265846827290552
27.14712328691678 10.362350180951626
27.225663103256522 10.432175416702753
27.30420291959627 10.371126955203138
27.382742735936013 10.527562414421588
27.461282552275758 10.532861308452594
27.539822368615503 10.581808427697261
27.618362184955245 10.460094281559721
27.696902001294994 10.554028935956406
27.775441817634736 10.638688134981651
27.85398163397448 10.629756633047126
27.932521450314226 10.643075089010932
28.01106126665397 10.675905220918427
28.089601082993717 10.772942223257457
28.168140899333462 10.745043440896175
28.246680715673207 10.808387815613234
28.32522053201295 10.787176484889828
28.403760348352698 10.76531542698731
28.48230016469244 10.923818310220659
28.560839981032185 10.73221952357841
28.63937979737193 10.932813019802476
28.717919613711675 10.824014834195193
28.79645943005142 10.87346125575733
28.874999246391166 10.958583102015062
28.95353906273091 10.991721869361463
29.032078879070653 10.933564646046047
29.110618695410402 10.946906869568982
29.189158511750144 11.003946304486183
29.26769832808989 11.002327262222757
29.346238144429634 11.049210229306421
29.42477796076938 11.185993769802401
29.503317777109125 10.995773676876452
29.581857593448866 11.226993849217623
29.660397409788615 11.152905338298952
29.738937226128357 11.323231096230522
29.817477042468102 11.326934034235698
29.896016858807847 11.291028114077648
29.974556675147593 11.289904569021523
30.053096491487338 11.342683057698927
30.131636307827083 11.34893638771568
30.21017612416683 11.390939325104641
30.28871594050657 11.431808225681364
30.36725575684632 11.533117654474633
30.44579557318606 11.465682101039482
30.524335389525806 11.500030206495968
30.60287520586555 11.67716039398884
30.681415022205297 11.50447663846464
30.759954838545042 11.699446728341048
30.838494654884787 11.676859770907221
30.917034471224532 11.640315492283396
30.995574287564274 11.754206177052092
31.074114103904023 11.705296251252022
31.152653920243765 11.750684722040564
31.23119373658351 11.76067579880834
31.309733552923255 11.89164305777841
31.388273369262997 11.9420760775616
31.466813185602746 11.835227823777283
31.545353001942487 11.86092991653638
31.623892818282233 11.93810326659817
31.702432634621978 11.813524923833846
31.780972450961723 11.872707461146197
31.85951226730147 11.975554941375322
31.938052083641214 11.872008230520514
32.01659189998096 11.961865806575725
32.0951317163207 12.016755078070066
32.17367153266045 12.064777601166726
32.25221134900019 12.122507830164466
32.33075116533994 12.172914764025304
32.40929098167968 12.127370586174322
32.48783079801943 12.10464552418781
32.56637061435917 12.238242152899751
32.644910430698914 12.152851221738675
32.72345024703866 12.21175709373412
32.80199006337841 12.292000944200705
32.88052987971815 12.379241095819703
32.959069696057895 12.415234773411775
33.03760951239764 12.284414907486136
33.116149328737386 12.346491912429947
33.194689145077135 12.540173473874095
33.273228961416876 12.407547340012286
33.35176877775662 12.501857095707432
33.43030859409636 12.622898334031039
33.50884841043611 12.447521419513219
33.58738822677586 12.617526882007233
33.6659280431156 12.724736365699545
33.74446785945534 12.64088923054317
33.82300767579509 12.584408688287166
33.90154749213483 12.706994937113524
33.98008730847458 12.569457965978685
34.05862712481432 12.580099248690592
