35.446390350150274 28.386705679454238
35.877852522924734 28.090169943749473
36.29320391049838 27.771459614569707
36.691306063588584 27.43144825477394
37.071067811865476 27.071067811865476
37.43144825477394 26.69130606358858
37.77145961456971 26.293203910498374
38.09016994374947 25.877852522924734
38.38670567945424 25.44639035015027
38.66025403784439 25.0
38.91006524188368 24.539904997395467
39.13545457642601 24.067366430758
39.33580426497202 23.583679495453
39.510565162951536 23.090169943749473
39.65925826289068 22.588190451025206
39.78147600733806 22.079116908177593
39.876883405951375 21.564344650402308
39.94521895368273 21.045284632676534
39.986295347545735 20.523359562429437
40.0 20.0
